burn 1.04139268516 10 249,
oh 1.04139268516 10 303,
savannah 1.04139268516 10 109,
text -0.389971079001 1 2 3 8,3 2 3 8,2 2 3 8,5 2 3 8,4 2 3 8,7 2 3 8,6 2 3 8,9 2 3 8,8 2 3 8,
invent 0.740362689494 10 238 259,
trade 1.04139268516 10 358,
held 1.04139268516 10 262,
signific 1.04139268516 10 90,
through 1.04139268516 10 202,
fireplac 1.04139268516 10 250,
follow 1.04139268516 10 151,
still 1.04139268516 10 191,
seal 1.04139268516 10 199,
suction 1.04139268516 10 128,
carpet 0.740362689494 10 119 201,
whose 1.04139268516 10 123,
onli 1.04139268516 10 105,
death 1.04139268516 10 25,
lb 1.04139268516 10 63,
22 1.04139268516 10 333,
obituari 0.740362689494 10 327 335,
44720 1.04139268516 10 304,
elsewher 1.04139268516 10 86,
had 0.740362689494 10 96 113,
plumb 1.04139268516 10 15,
manufactur 0.43933269383 10 36 166 260 317,
plainfield 0.196294645144 10 17 221 328 338 340 341 343,
busi 0.740362689494 10 16 31,
4 1.04139268516 10 61,
under 0.740362689494 10 33 177,
8 1.04139268516 10 323,
subsequ 1.04139268516 10 162,
chamberlain 1.04139268516 10 225,
earli 1.04139268516 10 0,
applic 0.740362689494 10 98 148,
woman 1.04139268516 10 110,
march 1.04139268516 10 94,
thei 1.04139268516 10 190,
promin 1.04139268516 10 228,
1982 1.04139268516 10 355,
ye 0.0413926851582 10 365,1 9,3 9,2 9,5 9,4 9,7 9,6 9,9 9,8 9,
smithsonian 1.04139268516 10 276,
nation 1.04139268516 10 315,
feder 1.04139268516 10 357,
3331 1.04139268516 10 305,
12 1.04139268516 10 322,
fan 1.04139268516 10 129,
vacuum 0.0413926851582 10 39 44 50 79 138 152 164 181 203 257,
report 1.04139268516 10 360,
him 1.04139268516 10 196,
nor 1.04139268516 10 273,
earl 1.04139268516 10 307,
name 0.43933269383 10 34 223 252 267,
nozzl 1.04139268516 10 198,
clai 1.04139268516 10 56,
edit 0.564271430439 10 87 204 293,
hous 0.740362689494 10 83 361,
stationari 1.04139268516 10 60,
lose 1.04139268516 10 289,
collect 1.04139268516 10 280,
housewar 0.564271430439 10 308 312 316,
1875 1.04139268516 10 297,
corinn 1.04139268516 10 111,
kennei 0.0 10 5 35 48 89 132 156 178 210 266 282 334,
particularli 1.04139268516 10 215,
1907 0.740362689494 10 95 140,
steam 1.04139268516 10 64,
susan 1.04139268516 10 347,
legaci 1.04139268516 10 205,
some 0.0871501757189 1 0,3 0,2 0,5 0,4 0,7 0,6 0,9 0,8 0,
sweeper 1.04139268516 10 120,
histor 1.04139268516 10 296,
1920 1.04139268516 10 240,
born 1.04139268516 10 2,
1922 1.04139268516 10 285,
street 1.04139268516 10 300,
design 0.740362689494 10 126 244,
booth 0.564271430439 10 137 144 251,
flush 1.04139268516 10 21,
ew 1.04139268516 10 326,
commiss 1.04139268516 10 359,
distribut 1.04139268516 10 246,
wa -0.0377885608894 10 6 53 92 104 125 142 158 168 172 222 227 241,
chicago 1.04139268516 10 314,
open 1.04139268516 10 197,
cathol 1.04139268516 10 213,
newark 1.04139268516 10 47,
figur 1.04139268516 10 131,
health 1.04139268516 10 287,
contact 1.04139268516 10 200,
refer 0.740362689494 10 255 271,
machin 1.04139268516 10 275,
hose 1.04139268516 10 68,
deriv 1.04139268516 10 207,
power 0.740362689494 10 66 102,
titl 0.0413926851582 10 367,1 11,3 11,2 11,5 11,4 11,7 11,6 11,9 11,8 11,
benefactor 1.04139268516 10 212,
entir 1.04139268516 10 173,
york 0.43933269383 10 28 42 320 353,
found 1.04139268516 10 268,
depend 1.04139268516 10 192,
lawsuit 1.04139268516 10 161,
sister 1.04139268516 10 292,
last 1.04139268516 10 237,
canton 1.04139268516 10 302,
license 1.04139268516 10 176,
english 1.04139268516 10 134,
career 1.04139268516 10 88,
withdrew 1.04139268516 10 145,
commun 1.04139268516 10 231,
strasser 1.04139268516 10 346,
jersei 0.564271430439 10 18 43 235,
david 1.04139268516 10 281,
american 0.564271430439 10 270 311 351,
offic 1.04139268516 10 27,
forgotten 1.04139268516 10 130,
improv 1.04139268516 10 245,
industri 0.740362689494 10 313 363,
book 1.04139268516 10 272,
first 1.04139268516 10 49,
oper 0.740362689494 10 32 127,
6 1.04139268516 10 331,
major 1.04139268516 10 279,
own 0.740362689494 10 14 147,
cleaner 0.0413926851582 10 40 45 51 103 139 153 165 182 186 258,
into 1.04139268516 10 70,
mari 1.04139268516 10 218,
purchas 1.04139268516 10 133,
done 1.04139268516 10 349,
motor 1.04139268516 10 124,
1906 0.740362689494 10 73 226,
instal 0.740362689494 10 52 77,
1902 1.04139268516 10 59,
1901 0.740362689494 10 99 345,
east 1.04139268516 10 298,
sourc 1.04139268516 10 294,
henri 1.04139268516 10 55,
institut 0.740362689494 10 214 277,
wealth 1.04139268516 10 206,
papal 1.04139268516 10 224,
lifshei 1.04139268516 10 306,
museum 1.04139268516 10 265,
system 0.740362689494 10 81 243,
apprent 1.04139268516 10 7,
citi 1.04139268516 10 29,
board 1.04139268516 10 234,
wood 1.04139268516 10 248,
electr 0.43933269383 10 78 101 118 189,
white 1.04139268516 10 82,
devis 1.04139268516 10 194,
suicid 1.04139268516 10 284,
becam 1.04139268516 10 211,
british 1.04139268516 10 254,
life 1.04139268516 10 1,
himself 1.04139268516 10 288,
north 0.564271430439 10 220 301 339,
form 1.04139268516 10 169,
pittsburgh 1.04139268516 10 58,
basic 1.04139268516 10 180,
1919 1.04139268516 10 170,
heat 0.740362689494 10 242 247,
part 1.04139268516 10 71,
gain 1.04139268516 10 19,
holi 0.0871501757189 1 5,3 5,2 5,5 5,4 5,7 5,6 5,9 5,8 5,
academi 1.04139268516 10 219,
compani 0.342422680822 10 37 41 46 75 154,
holder 1.04139268516 10 155,
inventor 1.04139268516 10 135,
serv 1.04139268516 10 232,
made 1.04139268516 10 174,
15 1.04139268516 10 9,
possibl 1.04139268516 10 108,
citizen 1.04139268516 10 229,
mount 1.04139268516 10 216,
work 1.04139268516 10 256,
up 1.04139268516 10 175,
london 1.04139268516 10 263,
histori 0.564271430439 10 310 337 350,
claim 1.04139268516 10 76,
litig 1.04139268516 10 150,
ar 1.04139268516 10 261,
stori 1.04139268516 10 309,
ill 1.04139268516 10 286,
1925 1.04139268516 10 364,
toilet 1.04139268516 10 22,
irish 1.04139268516 10 3,
gather 1.04139268516 10 122,
ag 1.04139268516 10 8,
year 0.740362689494 10 114 163,
pantheon 1.04139268516 10 354,
dufour 1.04139268516 10 112,
courier 0.740362689494 10 330 344,
immigr 1.04139268516 10 4,
file 1.04139268516 10 97,
seen 1.04139268516 10 107,
1896 1.04139268516 10 23,
1891 1.04139268516 10 11,
sever 1.04139268516 10 160,
scienc 1.04139268516 10 264,
nj 0.740362689494 10 329 342,
engin 1.04139268516 10 65,
variou 1.04139268516 10 233,
grant 0.740362689494 10 93 143,
patent 0.0 10 20 91 117 141 149 157 179 183 195 209 239,
parti 1.04139268516 10 159,
began 1.04139268516 10 12,
42 1.04139268516 10 324,
mapl 1.04139268516 10 299,
cecil 1.04139268516 10 136,
other 1.04139268516 10 278,
housework 1.04139268516 10 352,
maintain 1.04139268516 10 26,
5 1.04139268516 10 332,
build 0.564271430439 10 54 72 85,
thoma 1.04139268516 10 325,
begin 1.04139268516 10 106,
hoover 1.04139268516 10 295,
thi -0.259637310506 10 187 366,1 7 10,3 7 10,2 7 10,5 7 10,4 7 10,7 7 10,6 7 10,9 7 10,8 7 10,
test -0.213879819945 1 1 4,3 1 4,2 1 4,5 1 4,4 1 4,7 1 4,6 1 4,9 1 4,8 1 4,
though 1.04139268516 10 184,
earlier 1.04139268516 10 115,
reach 1.04139268516 10 69,
membership 1.04139268516 10 171,
000 1.04139268516 10 62,
never 1.04139268516 10 348,
commit 1.04139268516 10 283,
dust 1.04139268516 10 121,
such 1.04139268516 10 185,
smilei 1.04139268516 10 336,
associ 0.740362689494 10 167 318,
79 1.04139268516 10 356,
appear 1.04139268516 10 253,
crap 0.0871501757189 1 6,3 6,2 6,5 6,4 6,7 6,6 6,9 6,8 6,
plumber 1.04139268516 10 10,
frick 1.04139268516 10 57,
wife 1.04139268516 10 291,
later 1.04139268516 10 38,
1973 1.04139268516 10 319,
correspond 1.04139268516 10 269,
st 1.04139268516 10 217,
pipe 1.04139268516 10 67,
receiv 1.04139268516 10 116,
hi 0.0413926851582 10 13 24 30 74 146 208 230 236 274 290,
clean 1.04139268516 10 80,
time 0.564271430439 10 84 188 321,
mechan 1.04139268516 10 193,
notion 1.04139268516 10 100,
furnish 1.04139268516 10 362,
; 10,1208 1,22 2,22 3,22 4,22 5,22 6,22 7,22 8,22 9,22 