3114 1
9167 10
1672 4
5607 8
3567 8
6261 5
7460 10
813 6
1746 10
781 4
1480 4
9597 8
1109 3
2685 2
10475 1
10085 8
3444 2
2494 6
11123 2
8502 10
10013 1
8844 3
7584 7
2012 3
3859 1
8654 1
10471 1
2145 10
4093 6
4430 1
3672 3
7718 9
799 6
792 8
10826 2
610 10
10274 4
4364 3
9456 4
8633 2
10852 5
4953 4
6019 1
9886 4
8618 5
3394 1
10623 10
10031 10
1733 1
1926 3
8205 8
736 4
11111 4
5019 7
7087 1
6654 8
5569 9
5803 9
11024 1
10161 10
3399 9
1903 7
10432 1
6396 7
11126 4
679 9
5271 8
454 2
7649 10
6150 1
4034 4
2378 8
8719 6
4878 8
7658 10
10965 7
9122 1
10505 4
929 10
4247 10
9463 4
10468 5
8745 10
3297 10
2418 7
11152 4
1986 4
2290 4
2358 10
8979 1
7423 3
6025 4
7258 9
8995 3
1328 6
3579 6
2110 4
3430 7
4805 8
8960 3
7995 1
2293 5
7233 8
4008 4
9505 3
4508 10
3960 6
11675 2
9259 5
6775 4
6254 10
10230 10
4193 4
8291 4
3268 10
5985 4
1074 1
7218 7
7549 10
787 8
4824 1
10948 1
7229 8
1686 8
4325 3
10986 6
4519 10
5627 6
7629 10
8856 10
9269 10
4365 9
11577 8
2003 1
9851 4
5910 5
408 10
7279 4
1877 10
1451 10
6098 10
8840 7
6865 6
2487 0
8703 2
11154 4
10742 0
4889 8
9789 2
3545 3
2819 0
3359 1
10521 3
10494 10
6705 10
10640 10
2810 1
629 10
8340 8
6024 3
3167 10
3881 8
3062 2
2212 7
10863 6
3339 2
8777 3
2859 10
8906 8
9341 10
936 1
2785 10
2102 4
10165 2
2674 2
8320 10
3640 7
10792 8
5356 10
4575 7
512 9
565 10
176 10
4940 3
6698 9
4513 1
5544 8
7838 3
6534 6
2180 6
10255 1
11690 1
8909 6
2666 1
11513 1
1592 7
8498 10
4283 10
2473 4
4281 2
11417 7
6843 7
7975 2
3455 9
6644 8
7109 7
3926 8
3157 1
10931 6
8103 1
7655 10
199 6
11531 10
7797 8
2269 8
9029 4
1961 8
8582 3
4847 6
924 10
8681 8
3896 2
6323 2
3055 10
75 1
6767 4
10940 8
8008 1
11679 6
1252 1
9281 5
8769 10
7164 10
451 7
4218 4
3687 1
2540 1
5730 6
8910 6
8415 8
4821 1
7519 8
5537 7
475 8
1546 4
6745 4
6978 8
5 3
5340 9
8684 1
8836 10
4882 7
1392 4
1261 10
9059 6
10403 2
10933 6
1417 4
9576 1
7973 5
6783 6
7274 7
5455 8
5427 10
8456 5
3667 8
6480 4
8697 3
11156 3
11259 7
6549 1
855 10
10171 10
3885 10
10379 1
4431 10
9742 10
5645 9
8031 10
4760 9
4346 7
6532 6
1572 4
714 1
7997 3
10877 10
5184 5
78 10
1811 10
641 2
10900 10
3093 8
10251 6
1713 5
1106 3
6232 1
7312 7
7237 3
8470 10
10056 6
599 9
995 1
5357 1
8748 1
6522 6
10791 10
10787 2
6266 10
384 10
7225 10
9828 4
8068 8
5489 3
6918 8
5456 8
8901 6
2328 3
10371 8
10237 10
658 5
5621 10
499 5
2710 4
8605 1
996 6
1570 4
969 10
8245 2
6780 4
902 6
10799 6
7248 1
706 1
9697 5
10999 2
4590 1
7487 1
10760 8
11167 8
4958 7
308 6
4555 1
6115 7
3585 6
9394 10
3448 0
2796 10
1484 4
554 9
11145 3
6158 10
10210 9
5472 6
10902 8
4058 4
1604 9
11010 4
7060 1
1184 3
5406 9
7136 3
4653 4
9545 3
5363 8
5230 4
5017 10
10896 3
3169 7
1893 8
1269 5
5479 7
6907 10
8685 10
9945 6
2870 1
4191 7
11140 4
10926 10
2104 4
3767 5
8385 10
3752 10
5462 10
8357 8
9354 1
2711 4
7705 10
5113 10
10360 8
2024 3
8319 2
11551 5
1529 4
696 3
8627 6
9543 3
10545 4
2461 2
5214 5
2613 4
1715 3
5877 6
2483 10
3975 7
580 10
3289 4
6622 2
5253 8
2025 1
6620 1
3501 6
3971 6
1214 10
4547 1
9090 1
951 1
10208 4
9362 8
8720 1
10088 7
662 3
1104 3
4149 3
6880 10
11063 6
9072 6
10876 5
6495 4
5859 1
10855 10
6933 1
11017 1
725 10
880 10
5846 2
3961 1
587 10
11559 3
2813 10
4820 10
8323 1
4335 2
3595 6
7117 10
1070 9
2033 3
7656 2
1089 1
8958 10
6742 4
7572 3
2625 3
10841 10
11586 1
5084 4
8651 1
557 10
7670 3
7028 6
8531 10
160 8
9725 5
10080 9
2684 2
4385 7
5438 10
9608 10
3003 7
790 1
9121 1
9704 8
9632 6
3599 10
8075 2
8 3
6752 4
6678 3
11175 1
2660 8
4026 4
1128 4
5615 6
6176 8
11199 1
3671 1
9569 2
9751 8
2707 4
11553 5
8369 3
2987 5
2980 1
2547 0
10726 3
5435 6
10777 1
6177 3
2039 4
10120 1
8377 5
10750 10
1523 6
1623 1
7605 8
1145 10
1589 7
1287 1
2537 2
5874 8
403 10
10873 5
1989 3
878 10
8486 10
9680 8
888 8
6687 3
11377 10
918 9
6424 4
508 6
2703 4
6707 7
4485 1
3014 6
2678 1
2573 1
3323 8
3796 3
4893 10
2372 10
10194 8
5129 10
7606 0
3429 7
6675 7
10351 2
3769 4
11124 4
10967 5
4491 10
187 10
10179 4
10146 10
7128 3
9965 9
10793 6
6059 4
10648 7
11096 2
3698 4
4526 1
4361 0
9862 7
10158 8
7623 10
4663 10
7667 10
2213 1
5037 1
4221 8
6920 3
1066 4
1560 10
5802 8
11408 5
11552 5
7235 10
4109 1
555 10
6051 3
3104 1
1862 10
11244 1
7962 2
5891 4
10723 4
10714 4
3697 4
6763 4
3950 10
5857 4
2593 10
3452 7
8794 1
11612 4
6951 6
6602 1
5907 5
4810 10
2792 1
9472 6
4960 10
7557 10
4282 2
6215 10
5461 10
7532 10
6894 10
9237 7
2550 1
6835 1
3336 4
4181 8
7072 6
2541 4
515 10
9302 9
10707 7
1970 4
2221 4
1843 1
2298 3
195 6
7349 6
31 10
2143 8
4726 3
7250 0
6514 7
5085 4
5182 3
4126 2
810 10
10409 0
10893 3
2534 8
4090 4
4963 7
8598 1
6634 6
6324 2
10018 1
1732 1
4322 1
10851 10
3668 4
7788 1
266 1
6056 10
10418 3
1580 5
3315 6
5125 6
146 1
11588 1
482 9
6063 7
9774 4
6765 4
281 4
8774 10
5415 8
6487 4
1685 6
1855 1
6972 9
5101 10
6541 1
1155 10
2858 6
3021 8
10341 3
11677 10
6791 10
1701 7
174 3
5200 6
7422 3
3482 1
3925 8
10222 2
5579 6
6886 10
4828 4
945 10
272 6
8872 1
7937 0
6331 6
10820 1
9624 10
11078 10
591 3
10637 1
7039 10
9169 8
2171 1
9963 7
5186 10
8988 4
11270 6
10289 6
4678 4
687 1
10627 10
1212 1
2308 10
8499 10
2538 4
6433 4
7187 1
5285 4
8348 8
1224 2
11097 1
11315 8
3226 10
886 8
10578 2
10295 6
144 10
53 10
4747 4
4830 4
6588 1
1540 4
9814 4
3128 3
2801 4
6335 4
11095 0
9068 8
7196 2
908 1
4437 10
10765 3
8459 6
10677 10
8219 10
9891 4
4900 9
8537 0
417 10
10686 3
10201 10
10401 8
9042 1
10858 6
1110 3
3423 10
11554 10
1807 1
489 10
9534 9
1559 1
5392 6
11113 1
10584 2
6845 3
1886 8
7847 8
1810 10
1246 9
1683 10
9252 10
2788 1
3908 4
3206 1
3569 2
11604 1
1896 10
10191 3
8747 1
4897 1
2839 9
5434 1
319 9
4285 2
2065 10
5495 2
4047 4
3528 1
3378 9
9993 3
2489 5
4169 1
2022 1
8634 2
5246 7
3853 3
10030 5
1952 1
3156 1
8113 6
4923 1
5202 10
1977 4
8940 3
5639 1
5231 1
4992 4
2444 7
11330 9
1043 10
10301 1
7570 10
10077 0
7029 8
6811 8
2073 3
3559 10
3982 10
10973 2
2448 8
11517 10
3911 1
3038 4
808 6
3299 10
4911 2
2841 10
10311 9
6982 7
10703 9
6016 1
3212 6
6381 6
3424 4
6002 4
2657 2
3623 1
10569 8
5712 10
2503 10
2498 3
4943 2
3288 1
1334 8
7357 3
104 9
7550 10
2197 0
11375 3
9141 0
6339 6
6423 4
9867 4
1310 10
4410 3
371 8
9181 2
4852 10
6989 7
9822 4
1644 7
9699 10
2148 10
7144 10
3090 1
3108 10
3037 8
10317 8
8177 10
7342 4
9217 3
5029 1
7999 3
3932 5
9037 10
4458 4
5133 6
5760 3
1372 4
11641 7
9386 6
6477 6
7094 2
8520 5
9845 4
8169 0
10310 8
4262 2
3067 1
1721 0
6297 6
11195 10
724 4
2637 4
2031 10
4978 1
177 10
8176 6
9913 4
10913 7
6703 3
6313 6
6404 10
6793 2
6291 3
1331 1
8261 4
7642 10
8760 3
7015 1
11210 6
10417 8
5409 6
9119 1
525 8
1079 10
10174 0
1823 10
6664 1
1467 4
11342 1
8474 6
6237 5
2721 2
2809 1
9547 10
3544 3
5746 4
11250 5
4010 10
2139 6
4584 7
3775 6
8042 1
3586 6
7563 8
611 10
4617 3
9329 10
1717 3
5177 9
492 8
7992 8
9201 2
5582 1
7047 4
1435 4
11490 8
5026 10
2495 10
8536 4
10272 8
4628 10
9614 8
4245 8
228 10
2214 6
4801 10
399 3
10935 7
7759 10
3145 8
9477 10
6848 7
1736 1
6844 3
743 4
11637 2
2354 10
11563 5
820 10
9174 2
4621 10
8817 8
10476 3
56 1
7946 7
289 10
10347 0
6181 4
6992 1
437 9
4316 2
3570 6
209 1
5336 4
7346 4
7931 0
4 1
7071 7
2623 5
10879 10
2529 4
9510 4
10498 1
3915 10
4816 7
9165 10
11056 3
7140 10
906 3
11571 1
5420 10
827 8
5534 9
6030 4
5805 4
245 10
3997 4
3543 0
7971 2
400 5
8991 9
4748 4
2457 1
999 4
2505 5
998 4
4867 10
9358 1
688 6
10503 1
3725 4
8002 10
3931 9
1185 3
4136 2
1969 4
8666 5
9779 1
2390 6
9317 2
616 10
5829 4
4892 4
8562 10
703 2
1596 1
10535 8
3365 1
5376 0
4055 4
5083 4
10915 3
5266 8
4896 2
4986 4
11245 4
5998 2
1908 10
653 0
2211 4
6884 10
2243 1
8216 10
9352 5
7702 10
3621 3
5282 7
6539 8
4376 10
7941 2
5942 8
691 1
5841 7
7764 9
7810 2
10527 10
5048 1
9149 4
9524 4
9629 6
2048 7
1419 6
8140 9
4106 10
5983 4
3711 5
3266 10
9264 5
6856 6
2649 6
9961 8
6201 4
944 8
296 9
3419 9
7308 7
2416 7
2374 8
5030 10
432 1
5959 6
980 1
10198 10
2724 3
7437 10
7420 3
10939 7
8525 9
1661 4
2814 1
305 10
5794 5
5947 1
7148 10
8058 1
3601 6
9113 1
8106 4
8402 1
4977 4
9271 7
8834 10
10223 10
9140 0
1012 7
4039 4
10173 3
1684 10
10665 2
8504 8
645 7
8761 6
6625 1
794 10
4232 9
4062 3
2377 5
8977 6
8896 3
3303 9
1415 4
1405 4
4044 4
1134 6
11601 8
4657 5
2347 10
4011 8
7394 7
5654 3
10370 8
3048 1
3078 8
8283 10
4972 10
9050 10
8277 7
94 6
5551 2
8917 6
4512 4
4853 3
10751 2
6021 6
4185 9
8538 7
5167 0
216 10
5574 9
8631 10
8209 1
6890 10
10859 10
6712 8
6306 6
7292 1
1588 6
1953 8
2601 10
5788 6
8620 0
9373 7
5972 3
11051 5
7201 9
8870 1
4105 4
11235 7
9083 6
5294 0
6412 10
11194 8
10908 10
762 0
5327 4
1111 3
6414 7
4796 1
6815 4
4214 10
7968 3
11190 1
6736 4
10735 1
7955 2
10748 8
8493 9
7200 1
5105 4
1833 10
5754 10
7724 8
801 9
11082 10
10402 10
5225 8
11389 7
10228 10
3186 10
7314 6
2501 10
5958 6
5425 10
4904 1
6087 4
3733 1
11085 10
4708 1
10977 10
5051 5
937 6
3642 1
10894 3
11009 4
8188 1
3227 5
6417 4
675 3
989 8
10257 1
4145 7
8491 1
8566 1
7829 0
6073 4
10166 7
10478 1
11087 10
4764 0
1006 7
11106 4
7400 4
5291 8
9289 10
5657 8
1379 4
2235 1
1705 1
744 4
1729 8
2105 4
9826 4
1375 4
9832 4
3154 1
10867 10
153 3
1639 1
11238 4
1857 10
1044 10
7559 8
6366 8
11526 3
8052 6
11187 10
3351 5
695 1
5536 7
10022 3
8036 3
9953 3
3376 9
10866 6
25 10
6641 8
2402 8
3281 8
4184 10
2396 10
10079 4
5243 1
7729 10
10285 2
6583 2
1731 4
4374 10
100 6
4909 4
7301 6
8970 7
8827 10
3490 7
4585 7
3331 9
2272 9
9276 1
8226 1
11508 6
8077 10
2997 1
2320 10
181 10
9783 4
11635 10
9 10
4675 4
1305 1
1129 6
6757 6
2825 0
7772 8
392 6
11391 2
2306 9
8163 10
11511 8
9270 0
5313 10
8379 10
4717 4
7706 10
6929 3
3754 9
6693 3
845 10
10829 2
10589 10
9379 1
10250 3
11343 1
2677 1
5283 6
8862 1
9224 7
11264 4
3906 6
67 10
10701 2
8023 1
4768 2
8015 1
9375 6
3504 10
8833 9
5565 8
8497 0
7707 1
3565 7
7957 7
6515 3
3788 9
10510 7
8931 7
360 0
4694 3
3895 6
4839 3
9732 6
7736 8
264 3
8275 7
4015 4
10608 10
4687 4
11619 10
10705 1
9172 6
3611 4
4799 10
3410 2
4470 3
8258 0
7457 6
11652 6
10892 10
7070 10
3970 4
9105 1
1349 4
10547 4
3216 3
899 8
1755 0
8393 2
9651 10
11650 10
9695 10
1944 1
11208 10
5703 8
5850 2
7703 3
10110 1
9111 6
1799 4
904 9
3425 7
8325 10
7491 1
7938 10
10277 4
812 10
11672 3
8529 3
5933 5
3645 6
4903 4
7290 10
6656 4
10514 1
3412 9
2755 9
3428 8
9910 4
11624 9
5810 8
1189 6
7129 6
11496 0
1095 8
4260 3
9801 4
1098 10
11073 10
9577 3
3047 8
977 6
1497 4
5111 10
5080 10
6076 3
3934 8
1091 3
5365 1
4607 1
2234 1
4848 0
10095 5
7932 0
2611 3
1179 7
8501 10
5583 8
10300 2
2137 6
11192 10
2968 2
9104 4
9642 10
4224 7
6111 8
10696 7
2682 1
1543 4
2019 4
10937 1
329 9
11489 7
9750 10
11385 6
5096 4
10732 3
6781 4
10480 7
10685 6
900 8
7343 4
11128 4
3847 1
4483 1
5856 10
1200 3
8705 2
3985 4
2301 10
9966 3
5990 4
2159 4
5307 6
5979 8
4808 1
11110 4
3073 5
132 5
6320 5
4741 7
8507 6
8510 10
8997 0
11457 4
1316 8
178 10
522 10
3713 7
8071 4
11438 6
4736 8
1792 10
11659 10
737 4
719 4
8689 0
8249 8
9821 1
6986 10
7166 1
3564 1
3879 1
9806 6
2576 1
9663 8
10836 0
3457 1
9843 4
8785 8
10574 8
9311 10
4891 6
6850 7
5345 8
1158 10
1088 6
4931 3
661 1
282 4
11420 10
3629 8
9588 10
749 8
9254 10
4595 1
5123 1
3704 4
1802 4
10413 1
2716 4
9498 4
3785 1
1707 3
9064 1
7089 2
9702 8
7777 3
4298 1
8961 8
10169 10
5606 8
11630 3
8895 5
6353 3
2142 9
7255 10
11314 10
4952 4
7963 2
11198 10
9665 5
9344 10
9163 10
6458 4
5766 10
11317 5
10983 6
5206 6
5405 10
5352 5
8388 8
3615 8
3650 1
4127 1
4063 3
4228 5
4997 4
4057 4
11295 3
2091 3
2958 7
3573 7
10266 4
8663 6
4944 10
6125 3
5391 10
10693 7
6930 1
11053 4
11204 8
938 5
6642 4
6872 10
8070 5
2177 6
5248 8
6728 4
8228 10
4135 3
11276 9
2783 4
1343 1
4267 10
6699 0
4890 7
1548 5
10185 8
7293 1
7180 4
11265 1
5682 9
700 4
9232 6
8425 10
686 7
7056 6
2955 9
9684 8
9717 5
8568 3
1583 5
4596 1
7363 0
863 8
10279 1
5308 7
200 6
4029 4
581 10
10844 1
8590 8
8362 0
1630 4
3515 8
11521 1
9339 10
9720 5
4472 6
9403 9
8886 10
1228 2
939 10
1186 3
10632 3
6462 3
235 1
3144 0
5923 3
8026 1
8471 10
1753 7
7504 10
7660 10
10950 5
7798 2
5718 10
1172 10
9855 1
5247 8
9983 3
8006 5
4038 4
8344 10
3938 6
9881 6
452 10
8573 7
7578 1
7725 1
4257 7
322 9
1760 5
1786 3
2295 4
5706 7
7499 10
5971 8
3663 10
1653 8
10002 7
6952 8
8669 6
10106 7
10951 8
7057 6
6187 7
1960 4
5941 6
1992 2
3158 2
11 8
9549 3
2793 3
10936 1
8142 7
4552 9
5920 8
1025 0
11007 4
9242 10
9153 6
324 10
4095 1
3690 5
3252 3
8763 5
5929 9
3355 4
1421 1
1146 6
8038 3
3502 8
1240 8
406 10
7377 4
11311 8
5792 10
2994 4
7686 9
7659 3
3511 10
711 4
11547 0
4692 10
6467 4
1015 5
9300 3
10007 4
7108 0
10611 3
2141 7
1945 4
7926 0
7622 10
11403 10
3561 6
34 8
4684 4
1411 8
11477 6
5618 10
9947 4
11341 3
1255 8
5498 5
3267 10
9666 6
3440 10
1869 3
4244 9
8962 2
690 10
2169 7
5732 5
9146 1
2853 2
11616 7
9135 10
10758 8
11083 10
381 10
8091 3
9337 10
11228 4
894 10
7305 1
10945 6
4331 2
11055 10
5174 3
898 2
1403 4
6611 1
10444 10
4570 3
9544 1
7773 8
8989 8
1437 4
702 4
4623 10
6027 4
9199 10
10516 3
11162 3
3415 3
9405 1
5832 10
8290 4
817 5
3173 3
4408 5
6738 6
9715 6
2095 3
7245 6
6334 1
7325 9
7147 10
4369 7
10594 1
7048 1
10651 6
2713 9
3103 3
11141 4
758 8
8787 10
10039 8
3190 8
3554 1
10339 3
8743 10
4406 10
2344 3
745 4
5697 9
10992 8
11625 6
9151 3
10229 1
2264 6
8791 1
2975 6
520 10
10629 3
4752 8
10803 9
5683 9
2609 3
5937 3
3282 8
9616 10
978 4
1187 1
6853 6
1795 4
4078 10
2773 1
4609 1
9737 10
5154 5
5367 10
1017 7
10032 10
10911 2
7996 1
6351 6
5918 6
1549 4
5614 10
10602 10
10119 5
10315 0
6369 8
276 3
2646 4
9516 4
363 10
8829 10
9365 1
5653 10
1718 1
2715 1
223 10
2661 1
5885 3
4200 4
6274 8
10135 3
3603 1
6719 1
6543 3
1072 1
10429 10
677 0
6805 7
2015 4
6544 9
11254 1
3203 1
5132 6
6926 3
10306 0
2424 1
3951 10
5211 10
5487 9
10248 1
7824 0
6373 0
7923 10
9522 10
1750 8
4908 4
9873 6
197 3
2863 10
5326 4
3264 10
6241 1
9292 10
8722 10
5776 7
9449 4
11565 10
10573 3
5302 7
7704 10
4542 3
2800 4
3533 6
8812 7
6028 6
846 10
4083 10
9623 10
3080 2
7508 9
1657 4
1093 1
4048 4
10869 10
5673 6
2385 3
8594 1
6523 10
1634 4
303 1
6166 1
4602 1
6009 7
8553 1
10182 6
7812 5
11493 3
4593 9
1201 1
9147 10
11180 5
3683 3
3723 4
4422 0
2545 7
8082 6
3309 4
3433 10
9256 10
6621 1
9123 9
2662 7
7161 1
7652 10
1337 10
8409 10
928 10
1167 10
10186 6
5950 2
5407 10
5944 3
6437 2
1941 5
3280 10
1413 10
294 8
3771 7
760 0
3084 6
11418 3
7644 10
5568 2
9596 6
4487 1
7672 9
3041 4
5514 1
683 10
4446 6
3660 8
8740 10
811 10
10163 4
2789 2
3224 10
5235 1
10453 8
8927 5
121 7
10048 3
11579 1
87 7
9916 1
113 10
1735 1
8606 8
11016 1
5148 8
6162 10
6284 10
7099 6
2592 6
6144 2
2929 5
6931 8
8391 10
10461 10
9736 9
9067 3
7458 8
1257 1
1868 3
3006 7
4417 10
5624 8
3007 8
7614 2
11312 3
8424 1
6456 4
6816 4
8729 10
887 3
4682 4
5222 1
7432 10
5913 8
7173 10
11378 1
2062 10
620 7
6518 1
6192 0
5728 6
5761 3
9372 10
5263 8
782 4
6879 10
4311 10
1563 4
3927 10
7793 7
11065 10
5090 4
10724 3
11683 10
5451 9
2076 2
10601 10
6885 10
11506 8
5960 1
7756 2
6332 1
9185 1
4045 1
9994 3
6830 6
6581 1
4685 4
4668 10
7595 3
10280 10
7288 9
2622 4
2630 4
4288 3
8731 10
3920 2
5597 10
11590 10
4368 5
7905 0
5839 7
1077 7
3784 4
3325 7
11610 4
484 10
3044 4
7776 3
5535 2
4661 6
9671 8
4939 1
9879 4
9288 8
723 7
4649 2
4899 2
11654 5
10809 1
9283 9
10518 5
8943 6
2087 10
10066 1
9595 10
3887 8
9035 3
10534 3
5457 10
10961 3
9878 5
835 10
7784 9
8677 10
10741 3
4280 1
271 7
11400 1
2307 8
8040 10
5974 1
1272 9
843 10
5442 10
9722 10
5388 3
10147 5
9176 10
5040 3
2502 10
5650 6
2664 1
4503 6
4980 4
7915 10
9439 4
4766 6
849 3
1622 3
5808 9
10493 8
10955 10
10411 10
11660 10
741 4
7224 9
2093 4
5441 5
11203 6
4178 5
11473 3
8736 10
8625 2
1804 3
5454 8
1266 9
6852 6
6327 6
9809 5
8516 8
11258 6
7063 8
5147 5
10412 5
4660 8
2218 4
8996 10
4838 10
11609 4
8145 7
4352 3
5155 8
6149 3
9315 2
6496 6
1669 5
8898 9
8845 1
1164 10
7319 1
5570 8
458 10
7506 1
8398 8
9785 4
7695 9
2027 10
7924 0
6682 10
5382 2
3140 8
8656 7
3498 10
4092 4
7531 10
3952 10
5474 0
8492 3
9854 3
8132 9
5286 10
6677 3
9871 4
10616 3
1055 10
10988 1
7286 9
549 10
9535 7
11019 1
9192 5
2113 4
1235 3
6072 7
5964 3
4525 3
7213 10
10658 7
7666 10
2258 8
155 3
2037 8
8969 8
3277 6
163 3
1318 8
4318 1
9411 4
7430 10
7112 1
6674 10
2535 9
4534 8
2309 10
3178 7
7476 6
1757 10
7684 10
5757 3
8478 6
3872 8
11326 10
2090 10
2009 4
1423 8
10442 10
10349 0
5505 10
9856 4
3259 10
8814 5
10669 3
10491 9
3890 10
10399 7
829 7
1026 7
6315 8
7085 8
6299 0
7455 10
8154 8
8796 8
5304 3
8628 6
179 10
2594 10
10801 10
4179 1
3843 1
2340 7
10928 1
897 8
11657 1
3056 1
883 7
546 5
11191 10
8418 0
5526 8
6863 8
6531 9
4332 1
3136 2
1863 10
742 4
2827 8
11260 10
2496 10
8198 7
9286 8
1190 5
491 8
4861 0
466 10
5919 8
6545 4
3628 10
183 7
1280 6
2406 1
8458 1
3086 6
1227 1
388 1
5847 4
6205 4
2626 4
1347 1
8210 9
1133 4
9829 4
10768 10
7018 9
9369 7
8826 1
633 2
8843 8
8950 1
11008 4
2772 4
2325 10
2256 10
11514 8
10838 7
376 5
5485 9
1513 4
1665 3
10993 10
5596 5
2515 1
4402 7
6888 6
8570 1
6251 8
11580 2
3740 10
11114 4
4099 3
11502 7
1143 3
10042 8
5242 1
4996 4
2067 4
7965 2
1108 3
6734 4
4397 10
10974 10
505 2
3049 1
10143 5
4066 7
1562 3
1454 6
9521 1
4549 3
6086 1
7853 9
1974 4
1231 0
446 0
9784 4
8051 6
6536 3
5381 7
3421 2
4230 8
11620 10
2695 4
1426 8
118 6
10100 10
7106 10
11544 10
10563 7
11523 10
141 10
5262 8
6668 6
1567 4
6005 4
3625 5
1000 1
7683 10
3426 3
7856 3
9094 10
6454 4
8701 4
3600 10
2350 10
8907 10
2648 1
10231 3
3637 8
10384 10
922 8
5371 10
1265 1
1784 4
9777 4
10299 1
7005 4
10614 10
7412 3
11626 8
1307 3
9778 4
2708 4
2554 4
3496 10
2408 10
444 9
7031 6
10446 1
6760 7
11603 1
6178 4
7653 10
8252 3
9222 8
571 8
3209 6
469 10
2838 10
10234 10
5416 6
9654 7
11569 5
2035 4
1673 8
7585 10
3686 1
123 3
5293 1
8274 7
8321 9
11231 4
8734 10
3368 1
450 10
2566 4
2686 2
8959 10
1975 4
5572 9
2762 7
10678 3
7479 0
7827 2
6911 10
552 10
11376 10
2283 10
576 6
11622 10
11255 8
8926 6
7192 7
4511 1
11459 4
2596 6
699 4
1576 5
5689 9
2835 10
3946 6
9850 4
11433 3
3442 1
1849 3
4108 4
854 10
10763 3
3083 6
164 3
2811 10
1058 3
7095 3
1825 10
4648 3
11131 4
1278 6
9409 4
1232 3
7092 10
8030 2
8626 6
6648 6
7256 8
9295 10
2998 7
10501 4
3427 3
2072 0
5773 10
2352 10
5150 1
8361 0
9464 1
517 8
8214 0
10485 3
1858 7
9482 6
5517 1
6987 10
2833 9
3897 1
11596 6
5251 2
6000 4
7978 2
2026 1
2069 4
8371 3
1940 1
8875 2
3485 5
9605 5
7745 3
6800 3
5109 1
7037 2
6038 4
327 0
6520 1
6029 4
9349 10
3053 10
7533 10
9726 8
1487 8
7589 10
7069 10
6556 4
3255 3
6729 1
893 10
574 8
8813 4
7262 6
10597 1
5577 9
234 10
3439 10
7521 5
8229 10
3593 6
2088 3
816 10
5876 1
3116 2
10113 10
7145 6
39 10
2786 3
7174 1
1346 1
7139 10
11678 6
4959 7
4378 10
8623 1
3676 3
33 3
173 1
8363 7
2654 7
2160 4
8483 6
6683 3
753 3
7486 0
6755 3
6615 4
983 6
11044 10
10107 3
8530 3
5522 8
6533 6
1383 1
5318 10
6733 4
9117 1
1704 6
7921 8
6770 7
1616 10
1789 4
6828 1
8541 3
9249 5
7198 8
9255 10
4254 7
9143 1
9636 6
3257 3
7502 8
5349 3
5555 10
3541 5
8080 3
80 10
5731 8
3085 8
3025 7
1902 6
7416 3
4290 1
9894 4
2200 9
11066 8
1130 6
7969 2
4246 10
5973 3
11689 4
4834 4
2126 8
9390 5
1593 7
7238 8
1598 4
4712 1
9976 3
7010 6
10996 10
2575 1
5183 10
8867 0
11034 4
148 5
10663 3
11146 4
3999 4
7294 1
7252 8
3860 3
8679 3
10731 3
5082 4
3143 0
364 2
6078 7
11667 10
3189 8
5946 6
7828 0
2399 6
6338 8
3170 10
6450 4
7808 1
3538 1
477 2
16 9
457 10
11413 6
7484 0
11323 1
11206 3
3948 1
3362 1
1965 4
4442 1
7024 10
9451 10
8766 10
11441 3
3840 3
2815 1
3202 1
8878 8
9438 1
6003 4
605 8
2751 3
11158 1
11185 4
2016 4
623 1
6571 8
8632 6
4967 4
9645 8
3875 1
4677 4
3069 1
7042 4
8653 8
8597 1
4471 6
3211 6
5952 1
6384 10
7050 1
7607 6
3165 10
8255 4
2393 6
8269 0
5698 2
202 6
614 3
5658 1
10074 8
5672 10
1526 4
831 8
1063 1
9674 10
51 10
941 8
425 6
11229 4
8407 1
9159 4
3207 10
4017 10
5207 10
9705 5
5265 8
9664 7
3566 3
11584 2
8984 7
8165 1
4176 1
11241 4
18 5
10081 9
8337 3
9962 8
11041 1
6041 10
10045 8
912 10
10833 2
2061 8
1852 4
877 10
10321 10
11361 1
5466 8
8153 0
7206 5
4689 8
1521 7
3889 5
6040 7
976 6
2986 10
1800 10
5114 10
6300 6
7517 4
5038 1
2129 6
2230 3
6660 9
5350 3
7364 1
761 9
10774 10
7582 10
914 6
8577 8
3443 9
8611 10
9446 6
1914 9
6403 1
3040 4
6954 4
3121 10
10633 6
8231 4
5699 2
6831 10
3726 7
1584 7
8668 8
4840 3
10262 6
7537 10
3553 1
2380 8
10595 3
3058 10
3141 8
10660 7
9514 4
3731 3
8353 8
10176 7
3274 10
4341 2
385 7
9746 10
7073 6
3944 0
8513 2
1832 1
11425 10
201 3
2462 1
4517 3
7805 10
10947 7
10416 4
7512 9
7118 1
5889 3
1090 3
9387 10
2367 3
6045 10
3967 4
1680 4
8612 4
3350 1
1276 4
11176 1
5064 7
6386 10
370 8
9171 2
10434 8
553 3
10154 0
6914 1
1440 7
2370 10
6645 7
5014 8
4739 6
10102 1
8912 6
10117 6
1011 10
7733 7
10470 2
6416 4
4832 1
5069 1
11099 4
11021 8
7062 6
2768 1
4207 4
7998 1
7220 8
860 4
2953 9
3534 7
7127 0
6220 7
4693 1
6874 1
11482 10
7780 3
8384 9
1221 7
3655 3
9841 4
7267 1
7646 10
11012 4
2441 7
1662 5
10613 6
5666 8
5550 10
3513 9
9701 10
10952 10
1814 10
895 10
5741 3
9644 8
4231 5
1959 1
11242 4
2018 4
3833 10
8704 1
2532 4
7841 8
2784 6
4914 10
524 8
3858 1
6483 4
6542 3
2386 8
2944 10
11184 4
3631 1
930 1
8254 10
10546 9
167 3
10849 8
8877 5
729 7
8556 8
2942 8
4373 3
5492 5
10354 1
541 1
9502 4
10367 8
9202 9
9999 1
1398 4
231 10
4250 5
3480 1
7490 5
6277 8
9512 4
2978 10
10717 1
460 10
5414 8
7579 8
3383 10
5328 4
3978 1
8179 5
4289 3
11392 2
6004 4
9205 1
7723 3
4196 4
5540 10
11057 9
4573 2
5332 10
2753 3
1536 4
4167 1
1282 4
11324 1
6501 4
8854 6
11015 4
7470 3
11160 1
8711 8
8180 5
1615 8
7299 1
2381 9
5894 10
6808 0
3330 1
7182 10
3878 10
728 4
10343 3
5027 10
2829 5
6980 8
5997 4
7281 3
5161 8
2989 3
9056 1
2741 8
6011 1
9508 4
5601 8
1404 4
5702 6
7650 10
11471 3
586 3
2516 1
9468 3
1218 1
1434 4
9044 10
7344 9
4723 10
8853 7
1861 9
954 8
3161 5
9061 1
9450 4
1002 3
3715 4
9948 10
3400 0
3594 1
8922 6
3909 1
9084 3
3258 1
4670 4
1471 10
11688 10
4913 10
10172 5
415 10
8292 5
3618 8
6233 4
4613 3
1764 5
6910 9
4474 6
6102 10
5662 10
10325 3
2240 1
9768 4
4314 7
2705 4
1350 9
2826 8
1339 3
1258 1
766 5
2567 3
4371 6
3406 9
2312 9
5694 9
5254 8
8067 8
208 1
6968 10
119 3
542 5
5410 1
8025 10
5319 3
2268 8
4724 8
3699 4
934 7
9055 7
269 3
6153 0
10225 4
11484 1
2821 1
5822 3
8824 10
6715 6
4292 3
9076 3
6922 2
2446 5
1361 10
1660 3
8930 6
2124 5
5858 10
3738 10
3583 6
4463 1
9220 5
8222 5
2112 4
1225 2
1324 8
6211 1
3759 1
10766 0
6173 4
145 1
7505 10
2606 1
4355 7
564 10
6459 4
1897 9
2675 7
11487 6
550 10
4975 4
8496 8
10861 10
4510 10
1121 4
5951 6
6524 10
8865 6
10856 10
7137 10
3302 10
6104 10
7193 2
3024 5
5396 6
2154 10
6295 10
7947 2
11173 1
9568 4
4091 8
4807 10
434 2
11316 1
2099 4
9400 3
1847 2
5504 8
5721 1
6218 10
3183 1
5491 10
3045 4
5397 6
1168 6
6981 8
10456 9
7402 3
3218 8
7781 9
4016 10
295 7
9622 10
8152 5
3453 0
1115 3
528 9
7494 9
4059 4
2042 4
5310 6
11662 0
7102 3
8336 10
2128 8
3770 7
11127 4
2849 10
10134 8
5075 6
468 10
3862 4
4856 8
7107 6
1726 3
3598 1
10981 3
10756 10
30 1
5429 5
10697 3
259 1
10421 5
7322 9
4479 3
10214 10
1410 5
5015 1
1479 4
9517 4
55 10
11080 10
6943 4
1283 1
3493 1
11344 1
9308 6
8316 8
6113 10
4961 4
3316 10
4225 0
11153 6
8138 5
2157 4
4032 4
10987 10
5611 10
10919 10
2060 3
3497 7
3764 10
4088 10
726 1
4377 6
10170 10
1668 4
10901 8
5631 6
5003 5
5448 10
4240 8
11237 1
2332 10
6591 10
6784 4
6440 3
9170 3
8888 3
2391 10
10265 4
2659 8
7625 1
2756 8
3591 1
8650 10
9998 3
1217 1
10472 8
3988 4
10357 8
6725 4
4248 3
6225 4
9911 4
3223 1
5153 1
9231 8
9258 6
10131 6
1050 10
9817 5
40 10
8861 0
7034 10
8125 1
3643 7
8436 3
472 10
2647 4
6301 6
11541 10
2339 10
9672 5
2414 8
2422 4
8454 1
9643 8
5931 10
6079 8
8851 6
570 8
1207 8
1161 10
6568 1
10544 4
4935 3
4518 8
7265 6
219 9
4284 5
3681 4
267 10
6579 2
777 4
11081 10
8024 1
4086 8
9678 7
9440 4
6202 1
5403 1
6167 3
6977 2
9057 7
3755 6
8148 3
1387 4
10617 1
6709 1
7738 10
4862 7
722 10
6963 9
4697 4
6979 10
1401 3
2687 2
248 10
11325 2
7601 6
3019 4
3472 5
9325 6
2134 8
11189 3
3219 3
8488 10
429 8
4313 2
6762 4
8727 1
2086 3
2619 4
11002 9
8542 4
3589 7
6399 10
9964 9
7272 5
5063 10
10291 4
8149 7
9208 8
9893 4
1643 10
1003 4
7721 7
9659 2
6096 1
1191 8
10466 9
8946 8
5943 5
4329 10
222 1
6834 5
7928 0
7264 8
1830 3
4360 4
10771 10
4971 4
874 8
6527 7
1930 7
931 10
4715 6
2720 5
9314 2
6650 1
850 10
2723 3
9086 3
4327 1
8446 10
985 1
8477 6
2140 8
9669 10
1635 4
2394 6
1727 6
11018 8
10598 2
5715 1
1032 7
3990 4
1059 9
2205 6
11108 3
11423 6
4703 7
4306 2
9402 9
5128 7
1818 10
1706 10
10680 1
8784 8
2387 10
720 4
5688 9
7591 5
10767 6
6973 7
1197 10
2617 8
3120 9
10275 4
7854 8
3935 1
9811 4
8460 0
2040 1
10028 1
2861 3
180 10
9287 2
3398 3
3575 6
6875 1
11618 6
7356 1
7032 1
4081 4
2709 8
6481 4
3441 10
6077 7
4696 6
9027 9
7090 6
4082 4
3290 10
6969 7
8184 8
5782 8
9769 4
4383 7
6897 10
9285 3
7534 10
1385 3
2704 10
314 3
11404 8
8122 8
676 3
9996 3
10264 6
6047 8
138 10
11003 9
4993 9
4583 2
10922 10
4148 5
8762 3
2114 4
1571 4
4554 10
9539 4
910 1
10271 3
10094 4
4161 10
1138 10
2449 6
1150 10
11049 1
243 0
7762 10
7190 8
10152 0
6948 6
5868 8
11274 4
4020 10
4634 6
8262 7
7091 2
3087 6
11631 10
10459 4
7618 1
10656 7
10374 8
6172 4
1754 7
10477 3
6638 4
2223 4
3479 9
5878 4
634 9
9092 1
7624 6
10047 8
1254 1
8871 8
6343 9
7709 9
9475 4
4229 10
10364 8
205 10
11648 2
7541 10
4321 1
3148 7
6603 1
6180 3
1591 5
6633 1
3647 0
11566 8
3222 10
2638 4
9583 1
3015 1
11402 10
10635 1
8964 3
7651 10
6572 8
8256 2
884 6
11079 10
8914 6
5784 5
4444 6
11481 10
3089 9
1085 10
5013 3
9908 4
11028 8
4968 4
5875 0
6898 10
1625 3
4973 2
783 1
11011 4
5249 3
10592 8
6337 9
10308 8
2658 1
11116 4
2752 9
11582 1
8788 3
9488 4
11069 6
6587 4
275 10
9900 4
4700 3
9638 10
7668 10
3523 1
3063 1
10828 7
10827 2
11093 4
9230 10
8852 6
7778 1
8994 8
1938 0
4188 7
8691 8
10526 1
2297 1
573 8
8842 10
2949 2
3648 1
11105 1
1096 10
10591 10
2746 8
7084 4
7586 6
746 4
1890 10
7803 5
6328 2
1020 10
7960 0
11372 5
5086 4
10882 6
2960 2
1309 8
4855 6
4844 10
5896 0
5497 8
3735 7
2096 5
11174 1
4216 10
5289 4
8066 10
6718 6
1763 10
9077 9
2452 10
2966 2
1270 8
4227 1
5006 1
8265 5
5690 9
10156 5
9714 5
2732 1
7065 10
10069 1
483 10
9747 6
11472 1
10038 3
11223 8
3201 1
2749 1
962 9
4473 8
9243 10
5533 9
453 2
6617 7
11379 2
2600 3
875 6
6385 5
3204 1
5798 3
7665 10
4870 1
4375 6
10671 3
15 1
10287 3
5686 9
5290 3
4524 6
5578 10
1788 4
3306 4
5925 10
6319 8
10124 1
1344 10
11047 7
1990 4
4728 6
3005 10
8078 1
3861 3
5488 9
115 1
45 10
10487 9
9967 6
3477 0
2488 10
11086 8
11685 1
4798 7
2568 3
992 5
4632 1
882 9
3953 0
1889 3
7025 5
11682 8
233 5
7689 10
2063 3
9334 8
1894 3
1458 3
7030 1
5720 10
11112 6
5674 10
1617 3
218 10
9138 10
4928 6
4543 1
3584 4
5057 7
2050 8
2584 4
1216 1
1905 10
2523 10
1465 4
7408 8
2427 2
7098 4
4166 3
506 2
277 7
7415 3
1478 5
3411 10
11336 10
603 7
7016 3
4104 4
4469 1
10035 10
7231 1
8166 4
665 1
6575 2
8278 7
2946 2
7361 7
7300 1
7493 9
6631 1
6190 7
10934 10
2219 3
8929 8
254 1
10419 6
851 10
4002 6
11134 4
3436 10
311 9
4730 10
5081 4
1948 4
3387 10
10738 1
8001 1
10236 1
10209 4
9657 0
3546 10
10452 10
1723 3
8690 8
9101 3
6962 10
9566 2
6606 1
9760 10
631 6
10552 5
5768 8
1203 1
3630 1
9144 1
809 10
7583 8
9852 4
7538 10
7956 2
7536 10
9413 4
4256 10
9952 3
7983 3
10015 3
828 10
9294 2
7247 10
8212 1
2551 10
6557 10
3061 10
5330 4
214 6
4827 4
5024 4
7564 6
10666 3
600 10
4732 4
493 10
8334 9
9293 8
9780 1
10878 10
10064 10
2271 8
6243 1
1594 7
10025 4
6516 10
579 9
10942 6
4637 3
9558 3
10211 8
2238 10
156 3
5471 10
8599 1
8773 10
4027 3
9277 9
1853 8
9330 10
9177 10
6895 6
9848 4
11004 4
9108 6
5073 9
251 10
10365 8
7677 10
7741 3
9430 4
4162 10
9206 1
2993 6
10389 10
6721 2
1122 3
2447 3
803 5
4797 10
9776 10
915 1
442 9
5590 10
11486 10
856 10
9538 6
11691 3
1251 1
8983 1
1094 8
6290 1
11098 4
1373 4
280 1
372 1
1024 7
7674 6
9698 7
10740 1
4979 4
3065 2
8004 6
7126 10
11568 10
3968 4
3702 8
3102 9
5911 8
9904 4
8295 6
8801 1
10345 7
7331 3
10982 6
6864 5
590 3
6068 3
5626 3
9484 4
5418 8
4642 4
4258 6
2728 7
3536 1
8913 6
11023 8
8661 6
4652 1
979 10
9897 4
1286 4
2864 10
7149 6
8687 10
8660 1
8120 3
6529 8
8441 8
3101 3
10565 6
5992 4
4669 6
6813 9
7638 7
2857 1
9668 1
3957 1
2438 1
10884 10
3692 6
6748 4
2231 4
8047 2
10046 8
1103 8
2083 1
2349 10
2985 1
7121 10
3592 1
7425 3
7261 6
1292 4
4951 4
2865 4
5605 10
7339 3
639 10
819 3
5530 9
4391 10
5280 0
852 10
1798 10
3677 3
10502 8
933 7
1964 3
11371 10
7530 10
7542 10
4101 4
3624 3
2121 8
6730 3
6825 10
9034 3
10455 4
2555 4
8693 7
2683 1
443 9
8426 8
9864 3
578 10
5281 8
8121 1
5270 8
1422 1
2514 3
2847 10
8296 6
4921 1
1888 10
7648 10
6120 10
6605 1
1153 9
2848 10
8944 3
5279 1
5884 10
2292 4
4804 10
9888 4
3604 1
10576 3
735 4
9396 10
7341 4
8869 6
10720 8
7406 3
10440 6
4676 4
8739 9
2976 7
7006 6
9795 4
10096 8
10530 7
5387 2
2206 5
8900 6
3182 10
10033 5
5696 8
8260 8
6561 2
169 7
5335 6
3382 10
5532 10
2453 0
8674 4
9686 5
9528 6
5380 1
9903 4
2323 3
497 5
4530 4
6949 7
6136 2
11226 4
1211 1
2718 2
10607 1
9865 4
9071 10
1262 5
5022 9
7713 8
2435 10
2153 4
8064 7
8193 6
5044 8
11407 4
4662 3
1462 1
3578 6
3891 10
879 10
3535 3
11252 7
6613 1
3196 10
6281 6
5680 3
1878 10
521 10
3989 4
5050 10
211 10
375 10
2020 4
838 10
5493 5
7779 8
5939 4
3373 8
4035 4
538 10
2167 9
5383 8
5679 7
2263 8
9656 7
10872 10
2614 1
8476 5
9988 8
1195 4
5642 10
7170 10
6001 4
9241 9
4434 10
9537 3
1114 7
6525 0
5594 9
5765 0
9561 10
6259 10
6690 5
4658 6
4926 1
4654 1
5103 4
5198 3
1279 6
6260 6
4268 3
4366 9
10824 7
3910 1
10026 10
1690 9
10304 10
11597 6
6747 4
95 8
4792 8
11515 10
7949 2
7459 8
11647 3
10605 1
10647 3
9470 9
2974 6
5258 8
3023 7
1342 8
7157 3
6119 7
3296 3
3174 7
6084 1
11213 5
2631 4
7133 1
11556 7
2754 3
501 1
6336 4
4358 4
583 10
1667 5
523 10
3943 4
5099 5
8367 6
2236 8
3955 6
6154 1
3338 10
4142 4
7976 5
1550 4
1244 1
3790 1
7003 4
536 9
6607 1
5622 10
3757 6
2876 1
3928 8
4817 7
2359 3
6196 6
6604 1
5817 4
1029 7
8503 8
3522 3
10789 7
2586 4
5245 8
10821 1
7991 3
6302 6
4194 4
4886 4
6796 10
7454 10
8874 8
8444 10
773 8
5667 8
3519 5
4040 1
9661 8
5226 9
2466 3
2804 4
6560 2
3842 3
11060 8
5273 8
6908 10
5062 10
11452 8
4096 3
11027 2
9026 3
1730 4
2326 1
2690 1
6401 5
10639 10
10532 1
6008 1
5861 1
8233 2
7253 5
8655 4
5774 10
1386 4
10003 8
2798 4
4111 0
5398 8
4307 3
1183 1
1599 1
1696 10
11455 6
1904 1
1984 5
5385 10
6263 1
3312 5
5412 0
1353 9
10745 6
11388 6
5580 2
11633 1
6847 8
1124 6
92 6
970 10
2089 4
10909 3
2698 4
1865 10
6272 0
9647 6
8158 3
4363 3
10687 6
9133 10
1162 6
6457 4
3092 6
7743 3
5539 10
7052 3
4998 4
3739 1
2824 10
8902 6
467 10
7143 10
6378 5
6938 2
4598 1
6398 1
4502 0
4170 7
10554 7
10679 3
2485 10
8126 10
1438 6
5095 3
2204 1
8920 6
4522 1
7846 9
6034 4
239 1
6042 10
3139 3
2967 10
8818 5
11102 4
1867 10
10966 5
943 1
1626 3
2525 9
8993 5
8097 1
7114 10
974 6
6667 1
802 10
1469 10
8688 1
6959 8
2077 2
2311 10
256 10
10743 4
10946 7
9782 4
4348 4
7791 10
10273 10
8207 10
6185 10
8326 6
10794 4
8621 0
8411 3
9240 2
502 2
10388 3
5179 1
3321 2
8318 4
8518 8
3371 2
757 9
7055 3
10005 4
3929 0
8438 4
654 9
11329 1
11396 5
4432 10
448 10
5849 4
11476 6
667 1
273 9
7581 10
1498 4
1461 4
8115 8
6936 5
4326 1
10815 3
4420 10
5338 7
4823 3
7234 8
379 2
2287 5
7327 9
9066 8
9600 1
1354 10
2764 8
7820 6
8863 7
6203 4
640 5
3976 10
8873 6
10326 6
2364 3
9274 9
158 3
2699 4
10706 7
8855 10
953 10
7848 8
3709 1
8890 3
9959 2
9142 1
5842 1
2242 10
1649 10
2056 2
9518 4
5224 8
11042 9
369 2
6630 9
5481 9
4414 0
8857 0
5940 10
1737 1
5196 3
11651 3
5729 3
5229 1
2366 7
9731 2
5443 10
10358 8
10105 10
1909 4
2036 4
11331 6
9842 4
3002 1
2127 8
3516 7
5343 3
3100 3
6124 8
11421 10
815 10
11137 4
8709 8
5707 0
10753 10
594 10
7404 9
6722 4
592 10
9525 4
6628 4
2472 1
10653 3
8018 6
6942 1
2302 10
2398 8
5426 10
4588 1
1607 4
3619 4
7514 10
465 3
4052 10
7904 6
1295 4
3077 8
7568 10
3626 4
684 3
485 7
8299 1
2828 1
7933 0
6769 4
9835 4
4287 3
1042 10
4888 4
1313 10
2123 4
6421 4
8117 10
1380 5
5373 1
3907 10
7796 8
5433 7
10559 7
8339 0
7497 10
6402 3
9485 4
8057 6
8892 1
11050 7
7634 10
6688 6
2694 1
1881 3
7540 9
9682 10
4813 7
4699 1
9969 6
837 10
11367 10
6785 4
9173 6
11186 4
2397 8
3396 8
9820 4
622 10
8405 8
6558 5
8435 8
10586 6
3551 3
7158 8
5374 10
4183 5
7845 8
10218 8
9499 1
402 1
19 1
10390 10
9728 6
149 3
9526 6
7641 3
9397 1
7719 3
1939 1
6436 4
3832 1
7370 8
5210 10
10883 3
1378 4
8452 9
2714 9
4393 7
7732 10
166 3
6510 4
2468 4
1803 4
11536 10
1734 3
290 10
2689 10
11600 10
10590 1
5322 0
9327 10
1642 1
8200 6
2057 4
7151 10
8545 7
1222 5
361 10
8899 5
4239 3
8549 3
8700 5
5465 8
1296 6
10220 7
8992 10
10752 7
10853 10
9681 8
2321 10
7239 8
2467 8
7632 10
5956 10
9393 8
4299 2
8312 6
11268 3
8905 6
3460 1
2098 4
5372 6
1700 6
2322 10
2817 10
6453 4
6608 1
9261 7
1638 1
11380 1
10870 10
10682 3
8601 4
8069 3
2004 8
2726 1
4272 1
2844 10
9497 2
2943 10
10500 10
10954 10
3342 4
7580 8
529 9
274 8
5978 4
2412 1
9093 1
3151 1
4110 7
5613 10
1087 7
3979 7
7243 1
4795 1
11409 5
6368 8
2522 1
6413 10
9156 6
8730 10
6476 4
3155 8
7153 10
8671 1
8056 3
9655 10
8557 10
1745 1
3176 7
1010 1
9182 3
2058 3
3200 10
4504 10
9849 4
9685 6
7345 4
1514 2
3471 10
5180 10
9236 10
5500 10
8481 10
5955 3
5700 9
5164 8
1152 1
5188 3
5559 7
11348 1
5444 10
9246 10
9481 0
416 10
3468 10
10906 6
3558 10
5880 3
1384 1
10924 8
3662 1
9351 10
5838 3
10770 3
2670 1
8247 5
566 6
10540 4
10132 6
7465 1
6669 1
6598 1
4294 2
6896 6
5163 10
1376 4
7576 9
2855 10
6946 6
1219 7
11345 1
7910 2
3708 10
6563 2
4603 1
6500 4
6216 10
6932 4
5608 10
952 8
27 10
1148 1
9078 1
9309 3
9755 10
7787 8
6553 1
8194 7
750 8
2470 3
9496 4
927 6
4645 6
241 0
6314 1
9716 10
2680 1
2431 10
2045 8
9425 6
488 10
2451 9
11428 10
10458 10
3505 1
2840 10
2717 1
7195 2
604 10
2152 1
7110 4
1027 3
6689 1
9250 10
1135 3
7132 1
795 8
12 8
2280 1
1606 4
11067 10
10342 3
9613 6
8017 6
9134 6
1033 2
3476 8
2125 8
6143 1
1821 10
8832 10
890 1
7041 4
5108 10
4744 1
11562 1
10556 6
3018 2
1397 4
11538 7
1442 1
7912 3
461 10
5204 0
9210 1
6749 4
6694 2
9796 4
1601 10
10221 2
10203 10
5893 3
1 1
1460 9
11453 8
3646 0
3836 1
10786 2
401 10
6582 2
6062 7
2896 9
10340 8
1127 4
5516 8
8181 0
4521 3
1329 2
8948 5
11671 6
10141 7
844 10
8236 1
5093 1
3278 0
919 3
8395 0
798 3
3193 3
2681 1
2445 1
1444 4
11318 1
8338 0
4405 10
6961 10
5651 10
470 10
6503 4
1485 3
4619 1
6902 10
825 3
2353 3
1871 10
1065 4
901 3
6566 2
9834 2
3576 6
11048 7
6985 10
1196 4
1687 10
4427 1
7049 1
6624 3
6513 3
1107 3
4743 10
7189 2
10151 2
1674 1
10806 4
1317 6
10318 3
4720 1
5922 3
9863 4
10848 6
6595 10
7693 9
2407 10
7358 1
7097 4
6912 1
6282 4
8074 2
3017 1
903 9
1827 6
4629 10
476 9
8280 7
3491 10
5175 3
3734 10
1363 4
8561 8
9251 10
1846 10
242 10
5695 9
504 3
2589 4
1906 10
8100 0
1341 10
8105 4
9191 10
1927 6
5692 9
6991 1
2046 4
8825 10
9703 6
1260 3
9883 4
10895 10
8239 7
1561 4
7687 10
8243 6
4954 4
7633 9
7730 7
11262 4
6700 0
9560 5
10903 3
9581 3
7285 8
11529 6
7033 2
2156 3
6101 10
5693 9
11337 10
3450 2
2820 0
5573 9
1527 6
9899 4
11138 8
9118 1
5818 10
5045 7
2632 4
981 3
4372 8
11512 1
10219 9
8118 1
10553 7
4738 1
6148 1
2463 7
3214 6
2866 10
2542 10
7216 1
10011 1
26 5
10083 8
10010 1
1014 3
10269 6
3301 6
678 1
3525 1
9448 4
8848 6
10676 1
224 1
1569 6
11381 3
4012 7
9431 4
4733 2
11089 10
9838 4
2133 7
5098 3
5966 3
10604 1
10579 3
9032 3
490 6
10839 8
8559 4
10650 3
10615 10
11670 8
5091 4
5562 10
824 8
6075 8
6469 4
7178 5
4576 10
3657 10
326 0
1390 4
9453 4
4252 9
10249 3
9905 4
10062 10
8792 3
9235 1
1557 3
3360 8
2107 4
10217 10
4304 2
3122 8
8257 1
8135 8
5110 10
4147 2
717 4
5619 10
5364 8
8868 1
4879 6
6916 6
5557 9
10642 10
35 2
10193 5
338 9
862 5
5982 2
455 4
7177 1
9884 4
2346 10
740 4
10474 1
2282 3
8619 0
321 9
6651 1
9374 5
5228 10
1785 3
3994 6
188 10
6559 1
409 2
7717 8
7495 1
313 10
4814 5
2411 7
4734 10
7594 2
3552 3
20 1
11483 1
10695 1
6569 8
11240 9
2842 5
2700 4
11090 10
8151 6
3133 1
7631 10
8271 0
3177 1
5630 1
5341 6
7171 7
1910 4
2506 10
647 10
427 1
1176 10
7295 1
5306 6
5755 7
6347 7
8678 7
9048 10
8881 1
6494 4
11313 9
1477 4
9500 4
10197 10
6692 3
6720 1
716 4
3901 2
7698 6
7554 3
7785 7
6139 3
5483 0
2365 1
8746 10
10359 3
10098 1
2232 6
11362 1
6632 1
7682 0
10495 6
8162 1
754 9
8043 10
5511 7
4075 10
2255 10
1326 8
7694 9
5739 7
4793 6
4220 4
9385 8
11022 9
4746 4
5872 8
6593 9
9096 10
11643 9
10043 10
6112 4
4586 8
8358 5
11339 1
9612 7
10270 2
11247 7
4976 4
8213 9
5989 7
8440 7
1951 4
7103 3
6269 1
3899 9
692 4
6316 8
7194 7
6878 10
7130 5
830 4
2957 6
11214 10
7167 7
1062 1
4716 7
1901 8
6036 7
46 6
867 6
7757 1
238 10
11125 4
644 10
1100 3
6484 7
11207 3
2338 3
10520 4
1136 3
9781 6
3614 2
5779 0
10490 1
9837 4
4803 10
3582 6
2455 4
4690 3
7661 10
1633 3
9598 8
3107 3
10133 8
9767 4
2484 8
8268 7
1554 4
414 1
539 1
3494 10
335 5
9898 6
9225 1
2640 10
7185 0
5716 3
7317 8
3649 0
5237 8
786 1
1895 0
11209 10
2101 4
4439 3
3673 3
5681 9
5445 3
4846 1
11221 8
4868 7
6761 4
8375 5
3380 7
9756 1
4097 3
858 1
11147 4
3284 4
8564 1
5172 1
6788 3
8288 3
4128 1
5076 3
9223 10
6996 5
9434 1
3863 2
3607 6
9794 4
52 10
4933 7
7044 4
6311 6
5440 2
336 10
11059 8
317 2
543 10
10247 3
1677 10
11358 4
11164 1
7046 10
1936 8
7516 10
8533 3
6193 10
8980 5
8560 10
597 1
1031 5
3319 3
3337 1
6679 10
2392 8
7619 1
9075 3
11043 1
9175 7
9707 7
8915 5
10091 10
10541 3
8159 0
10802 6
10746 3
9694 1
10661 7
624 10
3239 8
1154 6
4033 4
7240 8
471 10
3099 3
8160 10
8270 7
10136 7
4672 7
10309 8
5077 1
11549 1
8356 3
10715 8
4324 5
5047 1
9238 6
6594 9
8173 6
7169 10
7837 6
2117 4
984 8
9735 10
9721 5
6776 3
9112 6
4624 7
5185 7
9578 3
4548 1
6717 1
2557 2
9609 8
2740 9
2049 8
617 10
5519 3
7222 6
357 10
10122 1
3096 8
4157 1
1587 3
2743 3
5863 1
10874 10
6054 10
8972 1
5669 10
10099 1
2164 1
373 10
8390 5
8718 7
8343 5
5116 7
9382 10
124 10
1399 4
2450 5
206 5
6219 2
5459 10
11550 8
2351 10
4865 1
4895 1
5079 10
8519 8
9316 2
9511 4
2679 1
6321 6
6610 1
9406 6
1837 4
7716 10
9408 1
950 2
9304 0
1293 4
1503 1
865 8
10109 3
2653 2
6915 1
8196 8
10634 7
1028 8
11074 2
6128 9
7765 3
4241 0
5117 3
3694 3
5431 8
6280 7
9363 10
1245 1
5220 0
5547 8
6165 5
8359 8
8019 10
6724 3
9097 3
8673 10
10509 4
5737 3
4151 9
367 7
5490 2
1980 4
8484 3
422 5
198 10
9051 3
3123 7
2553 4
8724 10
1213 4
6809 6
291 3
2147 6
8782 7
1083 5
6349 3
7096 4
5736 1
10808 5
11038 4
534 8
10071 1
932 5
5122 2
9604 7
3695 3
1880 10
7855 1
9211 9
10690 7
7278 8
8571 0
1716 7
389 1
7021 5
9696 6
4949 4
11370 7
50 1
4535 10
9033 3
8850 6
2440 0
11666 10
2565 4
10297 2
9079 3
8887 10
6673 10
1773 3
8939 3
9364 1
3283 3
6107 10
1147 6
6695 1
1766 10
3409 1
10622 10
5980 3
7588 1
2527 1
5904 0
10944 10
11557 10
1950 4
11068 10
5464 6
6710 10
5895 10
5036 1
5795 8
7959 5
650 3
2291 10
4401 10
10555 7
694 4
5834 1
5905 1
5401 7
2336 10
9266 6
6383 6
11576 1
3088 1
10823 1
2161 4
6447 4
2643 4
3947 10
1775 10
4330 3
8366 1
6772 4
10548 4
4599 1
5274 5
8083 1
7266 7
11570 5
4529 10
11645 5
2992 6
4336 2
5665 9
9178 3
10121 3
5223 8
2582 1
10177 3
5635 9
1021 6
3357 4
651 1
8234 4
9152 6
9074 3
656 10
9958 9
4333 1
9541 6
1564 4
4887 4
7019 2
9860 9
8904 6
8155 0
9579 7
5106 1
7324 9
494 10
1981 4
5775 1
2032 1
7967 2
11656 3
7489 1
9840 4
7323 9
7786 3
165 3
7914 8
7496 6
10108 1
3129 3
5708 6
3795 8
1263 9
9095 1
11100 4
11139 4
9824 4
9890 4
11040 3
9388 10
7726 3
4447 1
1267 10
7348 7
7990 3
10414 1
6023 3
232 10
10428 10
8195 8
4203 5
368 9
10381 10
7789 3
2837 10
3414 10
10278 8
7321 8
5124 8
5521 2
9504 5
9367 1
4259 10
6971 9
4688 4
4515 10
5362 10
4702 1
9584 1
5331 10
10327 4
9116 1
6488 4
5244 8
9791 4
840 3
2521 5
1367 2
382 10
4520 3
7138 10
7066 10
5152 8
7727 10
1056 10
2178 6
7747 3
718 3
4600 1
10202 10
423 1
4464 9
6418 4
3841 3
7832 5
9260 1
2641 4
10960 6
5436 8
11001 9
11548 0
1325 8
6055 10
9955 6
6304 6
11405 2
697 4
2599 10
527 9
9798 4
6817 1
4641 4
3873 2
7478 2
9987 8
3880 8
516 10
6957 9
11410 10
10834 6
4880 3
8952 10
2945 8
2480 3
9109 6
8548 4
7501 10
10985 10
8982 1
9615 10
7599 8
9531 1
1822 1
2912 1
5127 1
10550 5
8186 5
1068 9
3377 9
8482 10
4317 1
4644 3
11572 3
9792 4
1709 1
10995 5
1368 3
3701 3
10778 5
7688 10
6903 10
6442 5
11084 6
8521 1
5860 1
3112 3
5309 9
10536 10
1371 4
10846 1
5389 3
5600 3
1539 4
168 3
988 9
6432 4
1710 9
1741 10
4509 1
8550 10
4762 10
3732 8
2194 7
7311 8
569 3
6361 3
7510 8
2299 10
3181 10
4334 7
5986 4
6691 1
3620 8
3857 0
10881 2
7806 1
5402 7
10492 3
7208 3
5814 3
2802 7
4204 5
8974 1
5890 3
6889 6
935 3
9968 8
9676 10
1783 4
10111 8
836 10
4705 1
4076 7
4201 4
892 10
5227 6
315 1
8925 5
4938 3
6138 0
6188 4
6363 1
8819 0
5507 3
9361 1
139 10
859 1
1876 10
495 10
6050 4
7207 10
5366 5
11663 10
10061 0
3884 6
1978 4
1544 4
4650 10
10235 1
7513 8
6787 4
1131 4
11607 6
9971 3
3304 3
10798 5
1140 10
1874 10
7283 4
9501 4
7569 10
5748 10
1872 10
10178 0
6152 0
2210 4
2363 8
567 8
2335 10
10206 10
561 10
9320 10
7212 9
6671 8
9089 6
1655 4
4707 1
5060 10
10087 8
10006 4
905 10
4121 1
10353 1
8300 6
7150 10
11354 1
2237 4
5276 8
10238 10
10391 5
3082 6
4461 10
10814 10
11397 8
10256 5
7388 7
8928 5
8144 9
9708 5
10672 10
11575 6
1664 2
4638 10
9091 1
5430 5
3434 8
5677 10
3162 10
6223 5
1101 3
480 1
11393 2
3773 4
3263 10
2120 4
9944 3
5576 9
2465 8
11627 6
194 10
1971 4
8264 10
9336 5
5515 2
11447 10
8475 10
8624 10
356 1
9043 8
8134 6
9338 5
1481 4
5811 8
8263 7
6589 1
7701 10
6371 8
3473 10
1298 4
2080 4
3719 10
5987 4
6927 1
4053 4
11543 7
923 10
10181 6
6635 1
2333 3
2671 1
10125 8
8133 4
9718 5
1250 9
6208 3
6764 4
6649 1
4894 3
5541 1
84 5
4592 1
4071 10
6052 10
4924 3
6867 10
10581 1
10643 3
6555 2
5267 8
1054 9
1621 5
9492 4
9099 1
6779 5
2712 8
4132 6
307 1
9447 4
2059 3
1420 4
6906 10
4646 6
4199 8
7761 10
9831 4
11212 1
957 1
3577 6
4937 1
4860 0
1188 1
9299 10
378 6
10558 0
4709 1
7679 3
1761 8
10445 6
3886 10
4751 6
5977 8
7758 10
3171 5
630 10
2084 3
3678 3
4704 1
4014 1
9486 4
1492 4
9907 4
8588 5
5021 8
5334 6
5663 3
263 3
5643 3
3051 10
2111 4
108 8
3679 3
4395 0
4757 3
6548 1
5638 8
10710 2
2500 1
6883 10
3991 4
8790 8
1995 4
8303 6
2278 5
5871 3
9368 6
10929 8
3608 7
4060 4
8583 8
7236 6
6612 1
9103 1
9257 7
11684 10
10691 7
9168 3
99 6
10346 1
4187 10
2288 10
3188 8
10718 7
2469 1
5564 9
6365 5
1080 8
1744 1
5625 9
4000 4
2832 1
9793 4
9460 4
3562 10
11052 4
4737 3
1875 10
4550 3
6744 4
7017 6
11495 3
4727 10
11456 4
6156 10
1929 3
3134 1
11460 2
8664 3
2667 1
6857 6
6015 1
463 10
9640 5
7172 7
10334 2
4829 2
253 10
1590 0
2549 7
6727 3
7427 6
9155 10
6309 6
9221 0
4042 4
1691 7
3883 10
572 10
7000 4
1500 3
5687 10
6159 10
9788 4
9454 5
1323 1
10233 8
6576 8
5675 2
10975 6
5205 5
5311 1
9233 1
6230 8
1463 5
9770 4
956 7
5255 8
9648 10
7819 3
10332 4
3057 1
853 10
8591 3
11676 10
2300 3
1943 4
9812 4
5088 3
1738 0
10990 6
8224 1
134 10
5586 9
10800 6
3661 4
7560 10
4569 1
755 9
4098 3
4788 9
2409 10
5423 10
5232 10
5914 3
9333 5
11540 0
6053 10
7333 1
11356 7
3550 10
11165 8
7916 4
10469 3
4885 5
1552 4
1958 4
11149 1
5900 8
7008 1
511 9
7125 2
4308 2
6012 8
7313 3
2 9
7307 7
4849 7
4826 4
6778 4
3727 4
8099 0
2251 8
9011 8
764 0
5901 8
10497 7
4460 1
3937 3
10543 10
9590 5
3050 10
2830 10
8139 9
7822 1
8828 4
7556 6
6493 4
10073 1
6924 1
9069 6
6286 10
2562 1
2456 5
7700 10
8629 7
1815 10
11200 1
8822 9
8558 8
405 1
4484 1
842 10
4465 3
9391 10
8455 6
5649 8
2652 1
8945 10
192 7
7100 3
9691 7
11201 1
11437 1
8866 1
7950 1
11129 8
11634 8
9978 0
601 9
3707 10
3758 10
2615 7
8128 0
299 6
4309 2
3276 10
10422 8
7911 3
302 1
1887 3
1991 4
428 9
1509 4
5411 2
10638 10
9098 1
10330 4
9740 10
10296 6
1327 8
9625 8
7014 4
5881 8
4666 7
1452 10
1113 3
3508 7
28 10
6357 1
5201 3
4873 7
9322 10
5486 6
362 3
3369 1
2250 10
1180 8
10779 7
5053 5
9559 4
9565 10
8313 7
395 8
9859 3
3644 7
1933 8
1581 5
4140 3
7386 6
4531 6
588 5
3641 2
2552 4
4536 3
1919 5
1864 10
6372 0
7575 9
9318 1
10368 8
7752 1
1175 3
1472 4
4266 7
5865 1
5525 5
10483 8
2437 2
1966 4
2799 4
4150 3
5260 1
8544 4
11036 4
7617 1
8540 9
5870 2
3495 6
7334 8
2429 1
1336 6
3395 1
10511 4
9139 0
9861 7
540 1
2324 10
6390 9
8374 3
2371 2
1441 6
7053 3
5584 3
11426 10
6655 3
9376 8
6790 4
7544 10
3956 0
1603 1
11118 4
826 1
6039 3
806 10
1321 1
7833 7
8045 10
4310 2
4872 1
5585 6
9797 4
6312 6
4843 1
4253 3
9991 3
9467 4
11632 6
1586 7
11399 10
7697 6
9727 8
9102 1
6122 3
1039 10
6322 5
2620 4
7009 5
1954 7
3413 5
5524 9
2132 6
8771 10
5419 5
8876 1
7464 10
3613 10
8934 6
6999 4
9028 3
2165 2
6975 1
10566 1
9219 6
10626 3
4850 2
752 10
6768 7
3892 4
4883 4
10148 10
10070 0
3706 6
5763 10
2477 3
257 1
3213 6
3696 7
9047 6
2395 8
9724 2
9228 3
7804 10
9353 1
8508 6
2260 9
3974 4
7078 6
6893 10
4146 10
822 8
3388 10
6562 2
8157 3
9216 2
1040 6
7620 8
4180 10
2635 4
8050 6
9015 1
1839 3
8445 6
6976 3
9398 9
8897 6
3969 1
7909 8
6065 5
3279 0
2313 10
5531 9
5449 8
1144 1
4906 1
6303 6
7414 3
10609 9
157 7
2812 10
8329 0
10525 10
3665 1
6318 8
11349 10
4667 0
6860 10
7268 3
10837 9
4990 4
4387 7
6538 8
4265 6
5725 10
8919 6
11406 3
386 1
3904 3
8076 8
1932 7
6330 1
3449 3
6956 4
8838 6
1720 7
5826 1
7539 10
9328 10
8880 8
800 2
10646 2
9946 5
4574 3
1834 1
5347 1
3521 8
562 10
8586 4
2168 6
8955 3
4409 6
6452 4
5240 8
7630 10
5640 7
1277 4
10328 4
7488 1
10708 10
1556 3
9164 10
11419 3
8046 1
9766 4
9877 2
8227 2
1675 10
1743 2
8330 8
11668 10
3152 1
2616 3
7639 2
10772 10
7844 8
6415 3
1787 4
9204 1
11613 4
5816 4
9570 1
2389 8
5644 10
8795 3
10722 4
1142 10
1314 10
445 2
8351 7
3179 0
7411 3
1139 7
891 3
8695 3
7023 2
1708 10
9280 9
10636 10
2482 8
961 8
11351 3
4293 1
6465 4
7397 10
2612 3
2008 1
4898 2
8706 8
6899 10
5130 10
8370 3
643 1
1297 6
5567 1
2970 1
9081 1
997 4
11227 2
10366 8
4134 2
6994 5
5709 1
76 1
5453 7
993 7
7392 1
5527 1
3262 10
9563 1
2823 10
5965 3
1075 8
7603 8
10991 9
4302 3
2779 8
2577 1
6213 10
6672 8
11320 10
8457 6
143 5
9621 10
5747 5
9970 2
10603 8
8741 10
1899 2
10980 1
4480 6
11623 8
5866 1
6528 7
9234 8
1698 4
2490 0
7676 3
1956 3
2580 4
3343 10
9357 1
1256 1
9041 8
4441 6
8999 7
10727 6
11527 3
1719 3
438 9
5278 4
11664 10
8005 3
2607 1
8532 3
8810 3
4950 6
4182 6
8581 1
11369 10
8978 1
3432 5
10126 6
5170 3
2497 10
7503 3
9160 4
8640 8
7961 7
5173 6
8451 2
2355 10
632 5
5068 10
3869 3
7120 10
258 10
380 3
1812 10
1210 1
10144 2
2181 6
9371 6
11492 4
642 8
3333 1
1650 3
8472 8
10089 5
7492 1
4620 10
1747 7
10 10
1381 3
5823 8
8949 9
8942 10
10761 3
5751 1
7036 4
3064 3
10818 7
10517 6
6746 4
2696 10
8183 8
3622 1
11271 1
3160 6
10261 10
3322 8
1288 3
9291 5
4516 3
8430 7
3438 10
659 3
5467 1
5314 10
6827 1
10378 1
462 10
5221 1
459 10
7429 6
1061 4
10157 1
3518 9
8473 3
5862 10
7740 8
9687 10
3794 3
6106 10
3221 7
1516 4
2360 8
1345 1
5502 10
8728 10
5799 3
1749 3
11166 7
6819 4
10927 10
3761 6
6737 4
7228 10
10027 3
6497 4
6639 4
8976 8
3916 4
10897 9
4587 1
4158 10
2478 3
170 3
10382 10
3572 8
4759 1
1780 10
5102 4
9194 10
9906 4
11000 10
8447 6
4046 4
3401 0
9895 1
9187 1
431 1
3839 3
7081 4
10600 6
3617 8
7354 1
5778 7
5393 6
5476 10
11545 3
7571 10
8830 8
1475 10
1542 4
3454 2
89 5
2433 1
4022 8
1520 4
6305 5
8333 8
6993 1
1568 1
6904 10
1619 1
11267 4
796 3
9126 10
7696 6
3022 1
10335 7
7602 6
4916 7
8016 1
3670 4
7567 10
1067 4
1985 4
11564 7
2225 4
5323 5
7360 8
9759 10
5118 4
1693 7
8947 8
11642 9
5187 1
288 10
3959 2
9262 6
5355 3
8580 1
5664 10
10162 1
11232 4
6082 10
8197 6
1194 8
10348 1
8535 5
10479 2
11573 1
6537 5
11520 10
10596 2
3834 10
10200 10
9580 8
11234 3
5678 3
10078 10
4028 4
5561 5
1740 9
8378 10
7987 8
6965 7
3125 3
9297 9
9471 8
2636 4
7994 7
7291 1
1366 4
5617 10
4902 1
9889 4
3728 4
3265 10
359 1
3020 10
8893 8
4758 1
3509 1
3547 10
8448 9
7565 6
10618 3
5831 10
9184 2
8622 6
5999 4
6419 4
8937 3
5668 10
7577 9
9741 5
10164 4
7852 8
5169 8
103 1
9853 4
3126 3
3987 1
5131 10
2252 8
9346 6
4328 2
7771 8
10713 6
5970 9
4215 6
11387 8
10239 3
11157 8
9764 6
6428 4
6921 1
8119 7
7181 0
3461 3
8406 9
1813 10
10213 3
8341 9
8584 10
990 9
11077 8
6340 9
7913 6
8201 2
3751 1
8396 1
7221 8
4981 4
2383 8
1394 10
9150 5
7226 8
10813 6
6995 1
1824 6
6939 2
7310 10
3054 3
9195 5
3115 6
6155 10
11674 3
4264 1
2305 8
6127 10
10465 10
10797 10
9063 3
7657 5
10864 5
7608 7
421 3
4213 10
9370 0
7289 10
9830 8
5897 7
8294 1
9062 1
3741 8
8889 3
8392 8
10728 6
2602 10
5358 2
7246 8
7524 6
3081 6
11602 10
4273 10
625 8
10212 7
6573 8
4261 9
5848 4
4424 8
2988 1
8081 1
7966 0
1595 3
6175 8
3503 8
5549 1
4025 4
8648 4
7673 9
270 6
6584 2
8237 1
11130 0
2962 6
5543 0
312 10
10406 7
9734 10
8527 3
1494 6
9049 1
7766 6
2261 8
486 10
355 9
10570 10
1519 6
3903 10
10754 0
10862 10
2963 1
4756 10
2650 6
5636 10
4495 1
11347 1
7592 1
2410 10
7399 1
1522 6
646 6
821 2
2144 3
8903 6
5320 0
1374 4
2013 4
4459 1
10072 5
29 1
5806 3
6380 2
8683 1
946 8
5589 10
3199 1
1636 1
1238 10
11390 4
4210 4
7615 2
6134 3
7058 6
8423 2
8185 8
5753 7
1624 1
5554 10
2587 8
2119 4
333 6
4235 8
5074 6
2977 1
7347 1
10467 8
5915 6
2655 1
9658 0
58 3
8246 5
3370 1
7315 10
652 9
1796 4
4277 2
920 5
10932 10
9571 10
2317 10
8767 10
1955 0
955 1
1666 1
2315 10
1123 8
4918 4
6179 8
5924 3
1493 10
6750 4
11440 4
5523 7
9810 4
3451 5
10508 4
3481 1
4767 0
3270 10
7242 5
7507 9
8723 10
4296 2
8297 10
5796 6
3868 1
5602 10
5528 10
5740 1
7751 2
7831 6
4859 3
3597 1
3168 10
9586 3
9452 6
7395 6
9278 10
1579 1
1620 3
7183 5
23 10
7600 1
8161 3
7596 10
2249 8
715 4
4927 3
6535 1
5790 6
7857 10
7124 10
9188 2
9458 6
3009 7
10449 10
6057 10
1249 9
5056 10
9869 4
7906 8
1312 10
6224 9
10159 4
5107 9
374 7
7522 5
11333 8
7621 10
9951 10
6823 5
6623 6
2348 10
3328 3
8924 6
7244 5
7627 3
8276 7
6044 10
7203 10
1850 4
11064 8
500 0
5510 0
126 5
435 9
776 1
7597 0
3215 6
10593 3
6877 3
9683 1
5292 1
10810 8
7186 0
5656 9
10759 3
5770 5
8918 10
3329 9
1797 0
11503 9
5216 10
106 10
5400 9
11374 1
4686 4
8230 3
6100 10
8410 3
10847 6
531 3
10795 10
1166 10
548 8
1808 10
5723 7
2245 10
8721 8
6854 7
5825 1
2130 6
3110 6
10019 4
6461 4
210 1
2081 3
9125 10
2388 10
9307 3
5993 4
2598 9
7907 5
404 8
8938 3
6508 3
2193 10
11567 5
2224 4
2491 8
10118 10
11605 1
11261 8
4721 1
3984 3
9284 3
3384 2
5217 3
6408 1
5612 10
331 10
3610 4
9200 8
347 3
5460 10
547 2
9127 0
8309 1
6945 8
8708 5
10268 4
8659 3
2972 1
7945 2
8240 2
6449 4
10316 1
6229 8
5413 6
3458 7
11224 8
994 1
5288 1
9348 2
11658 10
10396 4
1678 10
10160 9
1271 2
10519 4
8973 1
10424 8
593 10
8206 1
9377 3
11681 3
1396 2
4947 5
7643 10
9137 10
5629 10
2172 2
8272 7
7241 8
10764 3
9487 4
4236 10
8547 1
9773 4
9802 4
411 6
2634 4
9442 1
8495 8
2581 6
9635 8
4612 1
8652 0
4812 1
10610 3
3774 1
693 4
11334 8
6466 8
8523 10
3187 1
10460 1
4018 10
4089 4
7930 0
7211 6
11035 4
9324 10
8694 6
5000 4
9710 8
9546 10
3656 1
7782 0
5506 3
1651 1
4714 1
2382 8
9444 2
11222 7
7980 2
1829 8
5545 1
9960 5
4492 1
1468 4
907 0
9331 10
5234 6
11411 10
9414 4
11412 8
9574 10
2605 3
4263 10
1464 4
2202 0
1407 4
1174 3
11322 10
7067 1
560 10
8815 3
2122 4
3106 10
7699 6
7088 2
11442 3
11132 4
4970 3
6909 1
9790 4
4681 4
4037 3
10438 8
2417 10
6661 0
10898 3
10557 6
11467 10
5902 6
5609 9
10082 8
1949 4
8485 9
873 0
4205 2
2950 2
9209 1
7259 8
2023 6
6031 4
3674 3
663 3
5750 1
4163 1
1831 7
5316 0
7637 0
10404 5
4030 3
727 10
4610 1
6278 10
7421 3
10021 1
9804 4
1648 1
2979 4
2222 4
9836 4
10560 6
5009 10
3756 9
9114 10
10290 8
7763 2
2621 4
6367 5
6960 10
971 8
4858 7
8990 8
1433 1
8572 5
1160 1
7204 2
10054 5
959 9
6069 3
9226 9
731 1
3095 10
9445 3
130 0
6792 8
3307 2
5424 10
10868 0
5685 9
10984 5
496 0
3760 7
4152 7
10415 4
3379 5
3334 6
6108 10
5738 1
5953 8
185 10
2030 1
8585 10
320 1
3659 8
10788 10
2191 6
3722 4
7012 4
7326 9
4876 8
4102 4
10956 0
4174 10
6279 3
8616 1
8156 4
10127 8
8164 2
7681 10
847 10
1304 1
4286 2
7105 9
7199 10
6109 1
6231 3
11501 0
2771 5
6146 10
769 9
1057 10
3390 1
4209 4
9110 1
2135 6
5496 2
6758 4
11239 4
3013 9
212 1
152 1
9567 8
3691 10
2247 5
2413 7
456 9
8108 6
6586 4
8282 0
10380 10
8089 9
4173 7
5851 9
2330 10
2034 8
3271 10
9054 3
5272 1
10504 4
1092 3
3261 10
2275 9
791 1
5339 2
10314 0
6967 4
6468 4
7116 10
102 5
9290 10
252 1
4275 6
6840 8
8400 10
7739 8
8707 8
7974 7
383 6
10654 7
6600 1
9189 4
8127 8
6636 4
10307 8
365 7
8364 2
1355 4
298 10
734 4
3888 10
5067 1
4342 1
6786 5
8060 10
10075 1
9129 9
5369 7
636 10
10549 0
7714 1
418 10
2608 1
2047 1
11321 3
6325 8
733 3
9765 6
1947 4
10668 3
11072 10
5156 8
4710 1
244 3
8783 7
11427 10
1537 4
4007 10
545 7
5203 10
4023 4
7972 2
1319 9
680 9
1551 4
5428 10
8725 10
7948 0
4956 4
7260 8
1597 10
10785 7
10599 1
5598 10
10551 10
514 10
7393 1
184 10
621 10
4802 10
1016 2
1170 1
6521 1
1809 10
10657 1
6267 10
6798 1
8490 5
1205 1
193 10
1582 7
7390 3
7083 4
10496 10
7282 4
3917 10
9004 9
1806 6
1022 7
7645 10
3205 1
5351 8
10659 1
5633 2
7839 8
8667 0
698 1
4825 4
1076 8
1169 8
10524 8
1049 1
11444 3
5065 7
2116 4
1912 1
2262 6
2055 4
9995 3
5684 9
6966 6
3557 3
5676 1
2706 4
8779 3
10155 5
5932 6
8726 10
4206 3
120 7
3905 3
2952 6
6116 9
3175 1
11561 1
1819 4
10431 8
3260 10
1202 1
5592 2
8831 7
4989 2
8324 5
4323 2
2303 8
6935 7
4589 4
6492 4
3416 8
6276 10
107 10
6766 6
1724 3
1023 3
11202 1
11589 6
8048 3
577 8
5238 10
2281 10
7424 3
9688 8
9660 0
8208 10
10190 1
2818 5
1466 4
10097 6
6445 4
6998 1
6846 7
1641 5
3669 4
6222 2
5119 3
1979 4
3945 10
8662 1
2546 10
2544 10
8539 6
833 7
1777 10
1496 4
8414 10
7574 9
11236 4
6199 1
8079 6
10875 10
1781 4
3882 6
4597 1
6037 7
3478 8
47 10
4835 9
6256 8
8285 0
5035 10
7691 8
7593 4
5160 5
11594 5
2341 10
8593 3
8315 10
9154 6
1038 5
377 6
7263 6
424 3
9275 3
5641 10
1759 1
2856 10
6685 1
1860 10
10336 3
2981 1
4159 1
7830 7
3340 4
8682 3
3011 7
11071 8
6684 1
4683 3
10258 2
1968 4
340 6
8841 1
10612 10
11599 6
11121 4
2603 8
3705 6
1204 1
5819 4
2533 1
9868 3
3963 10
4665 7
3345 7
10737 3
2227 4
6565 10
10482 3
161 0
7175 7
4036 2
6379 0
11454 5
7191 7
9381 7
3142 1
10076 7
8835 10
4809 5
9639 10
9825 4
4571 1
8332 1
8555 1
8578 3
8487 9
6455 8
9757 10
4651 6
11171 6
1338 8
9937 1
6226 10
6646 8
5359 3
9606 8
10192 7
410 1
4815 8
7685 9
7043 4
10910 2
1046 7
3791 1
10376 8
5033 1
4438 1
2761 1
513 8
4279 2
748 8
5360 9
7604 6
11432 10
9483 1
9106 1
498 1
9082 6
6189 2
8417 0
5378 0
3865 7
3097 9
4842 1
10373 3
10805 2
3327 3
6431 4
11328 1
4755 1
6170 1
1934 3
6382 6
6214 10
2688 6
3549 10
6821 10
2583 4
464 10
9399 10
7840 8
11692 6
3716 4
4212 6
5482 9
7511 1
9432 3
9045 3
8311 1
3366 1
6066 1
3936 1
9630 7
747 7
8437 0
7197 1
474 10
7690 10
9506 4
301 6
2995 4
9412 10
1976 4
6570 3
4673 4
6580 2
11092 6
8146 8
220 10
1036 7
1983 5
6195 9
10140 1
607 1
5593 1
2572 4
5178 4
2195 3
9992 3
8604 10
559 10
5571 9
1459 4
5499 9
137 10
9130 3
8434 10
5917 6
8923 6
4836 5
3714 4
9582 1
5787 6
7598 8
9355 1
8894 6
447 1
10205 10
4907 2
2517 6
7232 8
6443 4
6142 1
3117 1
3010 7
2028 1
9743 10
11673 9
3766 8
6647 6
6871 3
8266 10
11061 10
8010 10
889 3
9196 10
9427 4
1239 10
4729 3
1086 10
7249 5
4533 3
4428 10
9997 10
5634 7
5100 7
4854 6
9479 8
3361 1
8837 9
2539 1
2106 4
9653 10
2871 1
5957 1
2021 4
9515 1
841 10
5899 8
1658 1
789 10
9519 4
8302 10
911 8
7936 0
925 10
1119 4
11525 10
4618 3
7351 5
3466 8
5821 10
3587 6
6937 10
756 9
10630 10
5104 3
10542 3
11143 1
10978 10
4987 4
8053 1
4722 8
10537 4
2327 10
8218 10
3949 1
8775 0
4347 1
10816 10
8422 10
5518 10
5758 10
5733 3
7979 6
2624 4
11485 10
9380 7
6270 2
8512 9
3965 3
10473 1
7 10
8935 6
6186 3
3147 7
3489 10
10529 7
4069 1
10757 3
11593 6
4384 7
6643 4
3287 1
8035 9
3098 3
1574 9
3367 1
3763 10
6504 4
6288 1
3918 3
4905 1
7794 6
4819 10
10427 10
7007 4
1631 10
8244 5
6866 0
7977 2
4625 7
6358 10
1132 1
10515 1
6240 1
4343 10
10313 9
3269 10
4541 1
10398 3
4664 10
7850 6
8617 1
8515 2
10912 8
3913 5
5558 9
5845 6
6060 4
387 1
10675 3
7735 3
4394 1
982 1
10423 3
3163 10
8543 4
10188 1
11243 7
11039 1
544 10
9030 10
7162 3
2907 10
6464 4
10457 1
11629 1
6275 2
6360 3
10619 7
6891 10
2676 2
5315 10
10263 6
2512 3
5384 8
9637 5
9711 5
7792 1
8279 7
10670 3
4295 2
10286 2
6502 4
3275 10
2563 10
2639 4
8864 1
9620 9
6308 6
6182 2
10204 10
3893 7
2816 1
8916 6
7209 10
9709 8
2744 8
4606 1
1351 9
4572 10
8680 3
7940 1
8072 4
6861 9
8412 2
189 10
9954 1
1053 10
10114 1
9540 3
9816 4
3743 10
1474 4
11075 8
2216 4
7918 10
4172 1
11256 10
793 3
7287 1
3718 2
8759 5
6022 3
4577 7
10447 9
10329 4
8596 5
6420 4
3602 1
10953 1
436 9
11352 3
2376 9
1987 4
11592 6
2656 2
575 8
2790 1
10716 3
6411 10
5301 6
140 9
2175 6
36 2
3488 3
8063 8
987 8
8267 5
6782 5
7611 6
136 3
612 3
4435 10
11653 1
5912 7
1801 4
5052 10
11608 10
2011 4
2822 7
4545 10
5563 10
1967 4
284 2
131 10
4177 8
10916 6
9627 9
3537 9
5257 1
864 8
5906 3
8641 3
481 9
8860 3
6820 3
9901 2
5735 9
2316 10
396 10
9931 3
5771 0
4695 1
2331 6
6887 10
2843 10
11585 1
3317 4
8686 6
8143 1
909 2
9602 10
1125 3
6448 4
9763 10
6289 3
3146 1
7418 3
7663 10
3996 4
4357 4
10744 10
3422 3
3700 3
7799 10
1275 3
110 6
10971 1
606 9
949 4
2854 4
9401 3
7929 0
9677 8
10917 8
9306 9
10817 7
3693 3
9762 7
1892 2
6807 2
2475 4
2633 6
7671 10
4100 5
4249 8
6540 7
6356 7
9548 4
4340 2
6064 5
8114 6
9733 10
4608 1
5394 3
7711 8
6704 1
7835 3
6711 1
3724 3
8649 10
5256 1
947 7
10871 10
2782 6
2051 1
6035 3
9031 4
1555 4
8742 10
3964 10
6294 10
4064 4
6726 6
7409 3
2982 5
10533 10
8672 10
4611 2
8716 3
1030 6
3524 9
3256 6
4631 8
9073 1
5165 10
2644 4
8020 9
1482 4
1456 9
1018 7
6868 0
942 0
6157 10
5813 8
11687 0
8546 4
3590 7
10387 3
10333 3
11546 8
6585 2
6506 4
3783 6
9213 3
5820 6
9474 3
9641 10
7146 2
2368 9
2082 2
4024 4
5399 6
4141 8
5935 4
4614 3
6364 7
7269 6
4811 10
3484 2
8511 8
2092 4
11661 3
2002 4
8453 1
2005 4
3923 1
9527 10
7210 5
390 3
9088 3
3980 10
6653 8
9744 9
9227 6
2834 10
6564 2
6071 10
5520 1
11435 2
412 10
1659 4
5151 1
507 9
2558 6
9273 10
1711 1
6046 10
6702 8
4845 8
9587 8
6352 6
9359 8
5996 4
10773 6
5212 10
916 5
8793 7
5337 8
4426 8
7561 10
10375 6
10216 10
5078 6
5762 10
7013 3
1414 4
5473 6
8657 1
7485 3
4237 0
4130 1
8150 9
9457 5
7082 6
10331 4
4370 3
10499 3
6463 4
9984 1
10199 10
8552 7
2068 4
1388 1
11448 10
11439 5
7769 8
3308 2
2430 1
563 10
9186 1
7989 3
804 8
11233 4
7552 10
11366 1
11332 3
8933 5
1517 4
9690 8
2007 1
2405 10
3507 10
318 10
10577 3
2765 8
1209 1
2246 8
1973 7
9423 1
2959 8
5189 1
3930 0
973 3
6509 8
818 6
394 1
10000 1
1157 10
2356 10
4818 1
2794 2
4419 7
1779 3
4118 5
3393 1
4877 3
2217 4
10420 9
2334 10
10585 6
6410 3
635 10
9345 1
8800 4
2965 2
8397 1
7223 7
9585 1
7836 7
2739 8
6171 4
4983 7
10489 6
217 1
11458 8
2702 4
5961 6
7731 0
10688 6
10437 1
4594 1
6824 8
3349 8
4749 10
7664 3
10439 10
1988 4
4171 9
9303 8
10644 3
1695 6
6145 8
857 10
3091 1
8551 8
8187 8
8579 10
11219 1
6829 4
6080 7
582 5
11509 3
8733 10
9589 10
7985 3
11338 4
3233 7
7548 10
11535 8
9800 6
991 5
10840 1
6362 4
602 1
7795 8
5157 9
9436 8
1778 3
3210 8
8859 3
5136 5
9296 9
1208 1
1117 10
11507 6
9618 5
6283 8
876 10
3036 3
9689 6
3197 10
1215 10
5197 3
3703 4
11107 1
334 10
2738 10
823 3
2795 2
595 5
10914 10
3581 6
1253 0
7119 10
175 1
3977 1
6851 6
1835 8
986 7
8314 3
9248 10
2693 8
8781 6
7384 6
6375 8
1725 7
2259 8
4655 10
7749 3
1671 4
10362 3
2014 4
5548 9
618 10
10887 4
11655 5
449 2
4579 0
8232 4
8372 3
3588 1
9979 2
1937 1
5494 10
3998 4
8658 2
537 5
2651 1
5054 6
6530 5
11518 10
1273 1
151 3
4131 1
7849 8
4581 6
9887 4
5652 6
9846 4
11119 4
1377 4
1268 5
1424 4
10700 2
11169 5
1629 4
8242 2
14 9
1315 10
2919 1
9335 9
2362 10
5092 6
6876 10
9591 8
10394 3
7520 4
11644 5
5353 3
8554 3
8225 10
6858 7
2595 2
1364 4
4630 5
9052 2
11384 3
3981 2
4514 4
3375 9
10377 3
5284 7
1112 3
9136 10
3995 4
3710 10
1836 3
2267 8
8526 3
8885 1
3113 3
4043 4
2162 4
9818 4
8054 3
4143 8
1998 5
1907 10
4857 8
7064 10
7086 8
975 6
2588 7
7330 6
204 3
3510 10
6662 1
7958 1
10528 6
1081 10
1432 5
439 9
1402 1
9128 8
10009 3
7953 2
10730 4
2184 2
10567 0
2850 10
589 3
7934 5
2727 4
5046 1
3254 3
4627 7
10790 7
10776 1
8322 10
4591 8
3563 3
6117 10
11475 8
9244 10
4601 1
6832 10
1226 6
4999 3
337 3
10093 1
6670 1
3894 4
10123 1
11598 6
8595 6
5785 7
10462 4
172 3
7529 10
3052 10
6740 1
5670 8
3924 1
6795 3
11150 10
2279 0
10267 4
7970 7
8317 7
2434 10
2038 4
2182 6
1758 6
738 4
2294 3
6341 10
7051 1
8373 3
7230 6
10350 3
10448 3
3332 3
316 2
4129 5
8563 10
6032 4
8509 6
4297 2
9662 8
1982 4
1105 3
9383 8
11532 8
6988 1
2070 4
8517 1
4068 5
10780 3
5468 1
8846 1
1473 4
6271 2
8381 10
159 7
3164 8
3172 10
7813 10
9148 1
10631 3
5264 8
2248 8
473 10
1181 6
2642 1
8306 3
2329 10
5023 10
150 3
9980 4
9914 2
2343 10
5844 4
8607 2
8223 2
9124 7
3876 6
2486 10
2209 4
3531 7
5962 3
2203 7
10036 8
4765 0
3768 10
11179 4
8987 1
3475 8
7843 8
1679 8
5503 8
7304 1
478 10
9827 4
9808 1
3153 9
9087 10
4636 3
9060 9
814 1
8382 8
3194 8
10195 10
5620 10
9198 3
11611 4
11365 10
4680 3
9833 4
8365 3
2548 0
7275 7
5287 7
8355 6
332 0
3682 10
6801 10
1610 3
5604 6
6161 7
9915 1
3720 4
11183 4
8699 4
1052 10
8287 1
1714 3
11504 9
2536 3
5268 8
6478 1
11510 1
8789 5
4957 1
1431 4
7068 5
9857 6
8413 10
7463 5
1637 4
8932 1
5711 10
1237 10
8786 3
10395 10
730 8
6507 4
2591 10
7352 10
10129 6
8376 5
4920 4
9466 4
6732 4
8738 10
4049 4
171 3
5463 10
1149 3
9530 6
10865 6
5963 3
1389 4
608 8
551 10
6429 4
8284 4
6198 10
1774 3
11519 5
2254 8
4505 3
11246 10
2745 5
4745 4
1041 1
440 9
6235 1
3363 3
5879 5
5312 1
10781 7
3779 1
5843 6
2673 1
1870 3
8389 8
7074 4
293 1
3470 5
3499 1
9263 3
10067 7
9305 10
2265 8
8670 6
2115 4
4941 3
6174 4
9424 1
10886 8
328 10
8286 4
1382 8
4580 5
4701 4
1794 3
3684 3
11595 6
3402 10
10775 8
10004 1
5070 3
10624 3
11373 1
4269 3
3273 10
6265 2
6255 6
10352 4
7214 1
7662 10
5168 10
7715 10
11196 1
9513 4
4079 4
7587 10
4604 1
265 10
3437 2
10943 5
2421 10
751 6
1233 10
10044 8
1515 4
8587 8
11272 3
8911 6
1613 4
3272 6
11615 3
3688 1
4507 3
9973 10
10649 3
1320 1
3012 10
10435 8
2286 1
7917 4
613 3
7760 10
4195 9
10582 6
10337 4
11578 1
2627 4
6505 4
8178 8
5538 10
7179 4
4866 6
4274 5
1994 4
283 2
9712 8
8676 7
8248 10
1229 1
9070 3
1524 4
5837 3
5395 2
1116 10
3730 2
10698 10
10711 7
6486 4
8182 0
709 2
8383 8
86 1
5375 8
2425 3
1884 0
4073 9
4482 8
1816 10
1553 5
4156 10
6043 10
8717 6
8055 3
3397 9
6183 7
4070 10
7654 10
7626 7
1694 9
127 3
2085 3
1632 1
7306 1
9279 2
8281 9
9267 0
1838 1
2439 10
5908 10
9343 10
5354 2
6451 4
1689 3
4578 7
4544 1
7573 6
2208 4
1206 1
668 8
8137 5
22 3
9495 3
9631 6
8971 1
5342 8
6997 1
9441 1
674 6
6919 10
6 3
3198 1
9787 7
5659 5
8130 1
7163 1
1234 3
5560 9
940 8
6822 1
2158 4
10998 2
8849 6
1393 4
1752 0
2379 10
3313 3
2692 3
7355 1
13 8
306 3
7417 3
9985 10
2927 1
10674 2
6984 8
11398 8
11617 10
8387 10
8347 6
5777 10
10405 3
958 9
6955 3
7748 3
10854 10
3463 10
2241 10
10034 10
5764 0
3852 1
5745 6
1765 8
10319 3
1712 3
6578 2
1177 1
1439 2
3664 6
9268 10
8368 10
10620 3
8354 8
8102 1
1073 2
2585 4
1528 4
10831 7
5112 10
9815 4
609 1
11539 5
4006 3
1697 9
6869 7
5194 3
7219 2
6103 10
11026 1
7744 3
5722 1
1851 8
7526 1
6882 6
6370 8
4122 10
6637 3
8204 1
285 4
3039 4
9679 7
10692 7
10029 10
11516 8
3675 3
7254 8
8044 10
4719 4
7111 6
1640 10
7802 3
3431 6
2296 6
1198 1
1230 1
391 1
9158 4
10522 4
1609 6
10451 10
6862 0
6806 2
10484 10
7257 5
1352 8
3500 7
11505 10
5705 1
9404 10
7754 10
1578 0
3220 7
1429 4
6741 8
2442 9
10652 10
4344 1
7271 2
5034 3
4643 10
3736 10
1391 5
10921 9
1192 6
7814 8
3417 10
9823 4
6441 4
7851 8
9462 4
9197 10
1071 5
4154 6
11033 1
5976 3
2109 4
3612 0
8744 10
10464 2
8394 7
3854 3
352 3
5756 2
11117 4
9749 10
584 6
11046 7
6475 4
4113 7
7004 4
1993 4
10689 3
739 4
4725 0
9617 5
3324 5
7475 1
5089 2
7184 1
3919 7
1064 4
3856 1
9340 10
8293 1
7431 3
9046 6
10276 9
655 1
3346 5
2742 8
11070 10
3830 4
5421 10
9533 1
114 3
7298 1
7500 9
4278 2
8443 7
3850 3
6716 1
10175 5
2530 4
5259 8
9619 10
2094 1
8823 6
2701 4
10068 1
1220 7
2729 1
832 10
6714 6
9313 6
11197 3
7746 3
8404 6
3606 1
2118 6
10116 10
2509 10
11431 8
1019 1
1791 10
5437 10
11587 1
10704 2
11640 9
784 10
11636 7
2244 1
2097 4
10725 4
5726 2
6285 3
6892 10
3285 3
3900 8
779 10
1547 4
7720 6
2436 5
7251 5
526 10
10433 2
1558 4
4125 4
4123 1
6273 1
203 1
10621 3
7613 1
2196 10
10040 8
6118 1
5610 10
8613 3
775 4
10383 10
7767 8
4251 10
4806 10
968 5
5701 5
8489 6
7964 5
3250 6
2610 3
9161 6
2458 10
4713 1
11468 3
7316 10
3855 3
6925 10
9426 5
4994 6
8839 8
6033 4
5691 10
5094 1
7405 3
1742 1
10410 10
5236 8
11058 8
4319 6
3464 1
8600 1
8615 8
6596 1
11216 5
5704 8
10407 0
6473 2
4423 8
8480 9
3185 9
3353 5
4412 10
4103 1
7680 9
4065 7
7993 1
7750 3
11225 4
638 10
117 3
5295 10
9100 1
2215 4
772 10
5190 3
7790 7
9039 6
8500 10
1001 1
3318 10
9819 4
4934 1
9347 2
8569 1
10920 6
11263 4
1281 1
11474 8
8061 10
9805 4
5181 1
10606 10
6666 7
10323 7
9459 4
11363 3
93 3
1356 1
6658 5
73 8
11142 4
7636 7
5783 5
5789 6
10254 3
9772 4
8702 4
1348 8
5930 1
3462 3
4382 7
8768 10
5759 1
11133 4
3042 4
2103 4
3109 3
9132 10
8756 10
1577 9
10709 4
5588 5
7026 7
182 10
6081 5
6713 5
5250 8
1099 3
3166 1
5595 10
2136 6
4067 6
6083 10
8175 3
4144 7
6296 6
11109 4
7943 10
11006 4
7525 0
7986 7
2954 4
7076 1
11558 1
5361 1
5146 3
1703 9
2499 3
10860 6
2426 3
10385 10
10811 10
2750 3
9803 4
4301 2
7935 0
4615 2
8592 3
1141 8
4381 7
5637 10
10322 2
11524 6
9166 4
8522 1
10907 7
4338 10
7678 0
2029 10
704 1
6430 4
1502 4
7433 8
9572 1
7515 6
10207 10
2274 10
11500 1
5469 6
1873 5
7628 10
6974 8
10923 6
4995 4
5804 4
4202 3
9253 0
7742 3
6873 7
9053 1
4312 2
2375 8
6427 6
4019 7
11446 8
10063 10
292 10
6983 8
649 10
2100 1
11115 4
10001 3
5575 3
2836 10
5446 8
10139 10
1120 4
4763 0
4291 1
9428 5
10625 3
3008 7
10641 6
4922 1
2574 3
7528 8
7054 5
9145 1
6287 10
2759 6
10587 10
8399 10
10215 1
11355 1
3797 4
7217 3
10804 8
6970 1
1866 3
8416 8
8630 1
535 5
4942 3
9301 1
4233 10
10245 4
8975 1
834 1
2531 3
135 10
5991 4
4735 10
6901 6
5542 5
2862 1
3191 3
2373 10
4303 2
5159 3
111 3
7566 8
11103 5
3942 2
1308 1
10989 9
11168 8
8088 1
9892 3
8251 10
8574 1
1656 4
6601 1
4462 4
10149 2
10969 7
2526 1
10037 10
9036 3
4553 9
10305 5
8567 1
2183 6
7077 6
3111 3
4001 4
10825 7
10065 7
913 1
7113 4
79 6
6947 6
2229 7
1274 5
4031 4
7309 10
8335 1
6058 10
3192 10
11159 10
9321 6
3483 0
1530 4
4466 3
5793 9
8506 5
1525 4
419 6
5855 3
11273 1
8614 3
4901 1
8111 1
8305 7
10857 0
3506 1
5447 10
9536 1
6298 7
6210 4
5988 4
10103 1
8253 8
11218 0
8259 0
3753 8
8735 10
9214 10
6855 6
7059 1
4493 10
11686 9
1612 4
8698 1
9738 10
7753 1
5058 10
10681 1
11383 10
11163 3
5512 7
10450 10
1264 2
11037 4
2629 4
5724 5
8450 10
2471 3
11364 6
9503 4
3180 0
7413 3
2310 10
10796 6
7462 10
8419 3
2074 4
7122 7
917 10
11122 4
5833 8
7389 10
2423 10
9692 6
10441 8
9607 3
5984 4
7027 5
207 1
6526 7
9489 4
5252 8
10762 8
7920 10
7387 5
8884 4
9319 2
330 2
8331 0
707 2
8011 1
10664 7
2668 1
9593 8
9360 1
1291 4
2984 8
8250 0
1311 10
6934 6
4506 1
1898 2
6759 4
426 1
2757 8
310 5
11665 10
8494 4
6802 10
10662 6
7359 1
8420 1
1301 1
8129 8
9876 4
109 9
4398 6
8037 8
8883 1
9162 10
9912 4
9646 2
5215 10
6121 10
6067 7
10539 3
286 4
4429 4
4546 1
8065 10
1182 10
11249 6
6917 10
2996 9
3765 10
7401 7
6701 1
2432 10
657 10
7944 2
2173 10
5269 8
325 7
3294 3
10488 6
7640 10
3016 6
10041 8
6348 4
1199 1
8469 10
5377 2
8798 8
8109 7
3435 10
147 1
5508 7
6169 4
660 8
9229 10
10443 10
5975 10
10324 3
8953 7
7675 1
4009 1
5458 10
3993 4
8882 1
2474 1
8167 1
1486 4
2906 10
10338 4
9491 4
4965 8
6627 8
2054 1
2163 1
3835 1
4117 9
2233 4
4659 3
5480 0
6292 10
8273 7
8298 6
4234 0
1676 1
8712 10
3195 1
4386 10
8770 3
7481 2
5018 3
3311 10
3658 10
255 3
2257 10
8820 2
8211 1
7728 6
7635 0
10850 1
10736 1
11248 4
5348 1
2748 10
9058 10
5218 8
129 1
1728 9
7722 6
11542 10
732 3
11415 1
1900 10
229 10
8646 10
6818 7
5556 1
9509 4
6849 7
125 10
6592 10
5219 1
1300 2
1859 10
10588 2
3314 9
11350 10
4137 3
4622 6
10481 10
6512 10
8191 0
6964 8
2369 10
3864 8
8202 1
6204 10
323 7
11054 6
6773 1
9594 3
9542 3
1602 3
3131 10
6774 6
503 6
6217 10
6812 5
10562 8
6435 4
9392 10
2166 6
246 6
7035 4
10386 8
7340 7
637 6
3030 0
9312 3
2645 8
11094 1
9507 4
9974 8
128 10
5344 10
7669 7
3184 8
10572 2
6900 10
11443 3
2146 4
7302 1
4418 6
4133 7
10531 10
10673 3
1782 1
3983 1
3837 1
8220 10
7647 10
10168 10
6940 2
487 10
9670 6
2454 7
6794 3
8799 10
7338 10
3689 6
2459 5
4433 10
3712 3
4440 8
885 1
6397 1
7984 3
11422 8
7775 8
2663 1
9847 3
11494 3
1151 10
2415 7
7141 10
3138 6
8421 1
1335 8
7555 9
1748 10
2518 1
2852 10
4190 3
11170 1
5439 2
1828 3
8524 10
4153 8
2561 6
1358 10
10712 10
4477 6
6105 10
3465 10
407 9
8505 8
4969 7
7988 5
1047 7
5936 3
8342 1
2357 10
9040 10
5801 5
8124 1
7527 2
1159 10
5546 10
6990 1
7045 4
9745 5
2797 4
4837 8
2479 10
3517 3
6723 3
9494 4
2337 10
1885 3
7823 7
5432 8
4698 6
4238 7
11013 4
3118 2
5599 2
2948 2
3902 1
1051 10
8714 1
3666 0
6070 1
11266 4
7336 1
9975 3
3124 3
11449 4
7610 6
4635 9
5066 1
3560 6
5995 4
4822 6
9190 4
5071 7
8442 8
5591 10
11101 4
2669 2
5727 10
8936 6
1645 6
3137 7
4413 5
6212 7
1692 1
9943 3
5916 8
2672 1
797 8
3680 7
10997 5
10372 4
8380 1
9203 9
7155 6
1505 4
10683 3
1883 4
774 8
7547 10
3320 10
2150 4
8073 6
9562 1
10885 1
4616 3
5072 6
6599 1
2179 6
1942 3
8956 1
2725 1
5233 8
1605 4
3119 9
5553 6
4532 10
11368 10
568 8
10284 10
11253 7
3068 0
5828 10
7825 10
8921 6
6377 8
3105 5
9610 8
6194 7
9469 1
9120 1
7369 8
10755 3
5470 10
6881 10
6061 6
4988 4
1608 3
11583 2
9356 1
1285 1
8059 10
2476 2
2342 10
8575 7
11488 9
4305 2
7809 1
2464 4
6482 4
3298 2
8468 2
7954 2
7562 10
5329 4
11076 10
11614 4
9378 0
5945 3
685 3
1518 4
5661 5
8732 10
11434 9
1611 1
11144 4
5368 2
10667 3
11220 1
4436 8
8349 9
6708 2
2403 3
2760 8
4270 7
510 3
9389 10
3933 1
6629 3
4910 7
5616 10
3846 6
9395 1
6197 10
10112 8
2170 6
11560 10
11436 3
7215 1
8780 3
8665 1
4640 9
9844 6
1628 6
4107 1
8908 6
2420 10
3150 8
10699 8
7101 9
6221 3
3580 6
8041 10
7165 1
2053 4
7428 1
9896 4
1879 10
8403 8
7951 2
1793 10
6676 9
7123 9
3208 0
5135 3
9575 1
5477 10
6200 9
10259 10
4566 4
6941 3
7093 1
7134 7
2220 4
2285 1
10583 10
10782 10
8221 1
297 10
1118 4
3844 8
7981 1
4467 4
3877 2
6326 8
2769 4
5954 3
3737 8
3456 9
4523 10
10253 3
3381 7
4219 4
6026 4
9282 10
788 3
5049 4
8565 1
366 10
7755 10
518 1
628 5
2075 3
3295 3
6797 10
5840 3
9085 6
10749 6
921 8
721 3
10369 8
3404 0
5031 3
4742 8
7276 6
10899 10
5734 10
9880 8
4706 1
479 5
7480 8
7692 9
1445 3
11638 9
7079 4
9193 1
11621 10
3729 5
4711 1
7202 7
2198 3
9713 6
1499 4
9989 8
2845 9
2043 4
7329 3
1501 1
11522 2
7159 3
4362 1
6460 4
7115 6
154 1
7168 10
2151 1
6206 3
2513 3
9858 4
2071 4
112 3
7407 3
9326 6
4691 1
42 10
1585 7
10575 2
4226 10
1037 8
8141 9
1045 10
11091 8
4072 3
6350 6
10260 8
6490 4
4551 10
7350 5
5994 5
10830 2
9080 10
805 8
3870 2
10392 5
11193 10
10128 1
11581 1
3149 6
10784 3
3571 3
1178 10
3627 10
585 1
6609 1
1566 4
4633 10
2318 10
11451 6
9611 10
38 10
5478 9
8589 4
10812 10
6731 4
3364 10
3001 8
2697 4
3568 7
3992 4
4339 2
5176 7
2766 5
3467 5
397 7
2174 10
1290 4
3914 8
10486 10
7708 3
2971 5
5888 3
6293 9
1360 6
4946 3
710 4
689 1
7800 8
9626 10
5566 3
11319 10
9115 2
2846 10
6743 1
10150 6
1663 9
1957 4
10361 3
10994 10
4486 5
10783 10
5379 9
5452 7
4731 9
11178 4
10568 6
11020 8
3654 3
5714 7
3418 1
6184 1
4718 4
9212 5
7774 8
9786 4
6228 2
6950 8
4160 6
7075 4
9839 4
5807 3
1236 3
4800 10
1963 4
2239 1
1545 7
4013 5
1476 8
5158 8
1722 1
1362 7
10888 10
7104 3
4337 3
5087 6
1841 6
7737 10
8696 8
9180 10
11211 6
3159 8
9478 1
10822 8
10734 3
4411 3
1681 2
1614 4
4379 10
11606 10
268 10
4164 1
5475 10
11353 1
9239 5
6659 1
9157 4
8328 0
8116 5
6406 10
6554 3
11045 3
11470 3
4056 4
6517 10
7826 1
9761 7
8534 10
848 10
1618 3
11215 8
7952 2
190 3
6552 8
249 8
7811 1
11649 6
9872 4
10408 0
4094 10
2006 4
9065 9
11530 10
11269 10
10694 6
3043 6
4197 6
3474 6
4315 3
11346 1
8107 3
2228 1
7939 2
1035 7
3405 1
5317 5
2983 4
6479 4
8858 10
10430 10
2973 6
1365 3
6499 10
8000 1
960 3
10747 8
6257 10
5671 1
9693 6
5921 7
142 2
1048 5
287 8
11669 1
3866 7
972 6
7710 7
5882 1
9753 3
7612 8
9245 7
3004 7
1928 7
4875 3
4884 0
10189 1
4320 6
4912 7
7535 3
556 2
9247 10
4192 1
3 1
5241 5
1450 3
9410 9
1935 7
7080 4
6317 8
1193 0
5887 3
1097 3
3685 3
9758 10
11574 1
11416 1
1369 10
6640 4
8085 8
304 5
1470 6
1600 4
509 9
10397 7
6574 2
7188 3
10655 7
7270 6
9775 6
3130 3
6099 10
2956 4
3838 1
9874 4
664 3
10137 0
5852 0
7783 1
9633 6
7020 3
9490 4
5277 1
1504 4
6374 3
8737 10
3651 1
5623 10
1428 4
5632 3
7927 0
3609 4
6359 3
8891 8
1972 4
2345 10
7712 10
5513 8
3921 9
9942 3
7011 4
5892 7
4112 10
9342 10
8110 0
6551 9
5370 2
4869 1
5408 6
5450 1
1882 10
10807 5
3348 8
5020 3
1247 1
1647 1
88 0
2492 1
10393 8
9480 3
896 6
9332 10
300 7
5261 8
11340 1
6814 4
11161 1
11414 10
7403 9
2860 4
2253 6
1248 9
9723 8
7396 9
9437 8
1840 1
5898 8
10684 3
7410 10
9652 10
8241 7
11217 10
227 1
2314 0
1627 3
5719 7
3300 1
9407 3
6958 3
5422 10
4605 1
10101 9
3403 5
3555 10
9956 8
5660 3
1425 4
2017 4
1082 7
4211 1
4786 8
4915 8
11005 4
5239 8
9366 7
2803 3
2719 0
6376 10
7842 8
7273 8
3372 10
8352 1
339 6
7156 3
5121 10
1395 4
9870 4
4300 3
9603 10
4380 10
7154 6
7518 5
1243 1
5115 10
5213 6
5333 9
3721 6
8772 10
861 1
10196 10
6905 10
6485 4
839 10
5809 1
4874 1
